date,county,state,vehicle_primary_use,battery_electric_vehicles_bevs_,plug_in_hybrid_electric_vehicles_phevs_,electric_vehicle_ev_total,non_electric_vehicles,total_vehicles,percent_electric_vehicles
2020-06-30T00:00:00.000,Juneau,AK,Passenger,0,2,2,28,30,6.666666666666666
2020-06-30T00:00:00.000,Lee,FL,Passenger,1,0,1,45,46,2.1739130434782608
2020-06-30T00:00:00.000,Maui,HI,Passenger,1,0,1,31,32,3.125
2020-06-30T00:00:00.000,Middlesex,MA,Passenger,1,1,2,99,101,1.98019801980198
2020-05-31T00:00:00.000,Jones,GA,Passenger,1,0,1,1,2,50.0
2020-05-31T00:00:00.000,Kern,CA,Passenger,0,1,1,226,227,0.4405286343612334
2020-05-31T00:00:00.000,Kitsap,WA,Passenger,1313,678,1991,179673,181664,1.0959793905231636
2020-05-31T00:00:00.000,Klickitat,WA,Truck,0,0,0,8121,8121,0.0
2020-05-31T00:00:00.000,Manassas,VA,Passenger,0,1,1,4,5,20.0
2020-04-30T00:00:00.000,Sedgwick,KS,Passenger,1,1,2,90,92,2.1739130434782608
2020-04-30T00:00:00.000,Skagit,WA,Passenger,397,215,612,91487,92099,0.6645023290155159
2020-04-30T00:00:00.000,St. Mary's,MD,Passenger,1,0,1,216,217,0.4608294930875576
2020-04-30T00:00:00.000,Thurston,WA,Passenger,1142,729,1871,197530,199401,0.938310239166303
2020-04-30T00:00:00.000,Washington,OR,Passenger,1,0,1,435,436,0.2293577981651376
2020-03-31T00:00:00.000,Whatcom,WA,Truck,3,0,3,43031,43034,0.0069712320490774
2020-03-31T00:00:00.000,Yakima,WA,Truck,0,0,0,59604,59604,0.0
2020-04-30T00:00:00.000,Asotin,WA,Passenger,16,12,28,12446,12474,0.2244668911335578
2020-04-30T00:00:00.000,Boone,MO,Passenger,0,1,1,13,14,7.142857142857143
2020-04-30T00:00:00.000,Broward,FL,Passenger,3,1,4,112,116,3.4482758620689653
2020-04-30T00:00:00.000,Camden,NJ,Passenger,0,2,2,21,23,8.695652173913043
2020-07-31T00:00:00.000,Middlesex,MA,Passenger,1,1,2,96,98,2.040816326530612
2020-07-31T00:00:00.000,Monroe,IL,Passenger,1,0,1,4,5,20.0
2020-07-31T00:00:00.000,Montgomery,OH,Passenger,0,1,1,47,48,2.083333333333333
2020-07-31T00:00:00.000,Moore,NC,Passenger,0,2,2,158,160,1.25
2020-07-31T00:00:00.000,Okaloosa,FL,Passenger,0,1,1,138,139,0.7194244604316546
2020-07-31T00:00:00.000,Pima,AZ,Passenger,3,1,4,338,342,1.1695906432748537
2020-07-31T00:00:00.000,Pinellas,FL,Passenger,1,1,2,106,108,1.851851851851852
2020-07-31T00:00:00.000,Polk,FL,Passenger,1,0,1,65,66,1.5151515151515151
2020-03-31T00:00:00.000,Grant,WA,Passenger,58,71,129,65497,65626,0.196568433242922
2020-03-31T00:00:00.000,Grant,WA,Truck,0,0,0,27058,27058,0.0
2020-03-31T00:00:00.000,Grays Harbor,WA,Truck,0,0,0,20785,20785,0.0
2020-03-31T00:00:00.000,Juneau,AK,Passenger,0,2,2,31,33,6.0606060606060606
2020-03-31T00:00:00.000,Lee,FL,Passenger,1,0,1,47,48,2.083333333333333
2020-04-30T00:00:00.000,Howard,MD,Passenger,0,1,1,71,72,1.3888888888888888
2020-04-30T00:00:00.000,Kern,CA,Passenger,0,1,1,226,227,0.4405286343612334
2020-04-30T00:00:00.000,Kitsap,WA,Passenger,1313,676,1989,180585,182574,1.0894212757566795
2020-04-30T00:00:00.000,Kittitas,WA,Passenger,101,49,150,29860,30010,0.4998333888703765
2020-04-30T00:00:00.000,Kittitas,WA,Truck,0,0,0,14590,14590,0.0
2020-04-30T00:00:00.000,Klamath,OR,Passenger,1,0,1,31,32,3.125
2020-04-30T00:00:00.000,Larimer,CO,Passenger,1,0,1,52,53,1.8867924528301887
2020-04-30T00:00:00.000,Lincoln,WA,Passenger,4,12,16,7682,7698,0.2078461938165757
2020-04-30T00:00:00.000,Loudoun,VA,Passenger,1,0,1,89,90,1.1111111111111112
2020-05-31T00:00:00.000,Bexar,TX,Passenger,2,5,7,601,608,1.1513157894736843
2020-05-31T00:00:00.000,Chesapeake,VA,Passenger,0,2,2,424,426,0.4694835680751173
2020-06-30T00:00:00.000,Chelan,WA,Truck,0,0,0,22521,22521,0.0
2020-06-30T00:00:00.000,Cowlitz,WA,Passenger,138,115,253,72330,72583,0.3485664687323477
2020-06-30T00:00:00.000,El Paso,TX,Passenger,3,0,3,420,423,0.7092198581560283
2020-06-30T00:00:00.000,Flathead,MT,Passenger,1,0,1,58,59,1.694915254237288
2020-06-30T00:00:00.000,Fort Bend,TX,Passenger,1,0,1,47,48,2.083333333333333
2020-06-30T00:00:00.000,Garfield,WA,Truck,0,0,0,974,974,0.0
2020-04-30T00:00:00.000,Douglas,WA,Truck,0,0,0,12269,12269,0.0
2020-04-30T00:00:00.000,DuPage,IL,Passenger,3,0,3,56,59,5.084745762711864
2020-04-30T00:00:00.000,El Paso,CO,Passenger,2,0,2,720,722,0.2770083102493074
2020-03-31T00:00:00.000,Maui,HI,Passenger,1,0,1,34,35,2.8571428571428568
2020-03-31T00:00:00.000,Middlesex,MA,Passenger,1,1,2,107,109,1.8348623853211008
2020-03-31T00:00:00.000,New Haven,CT,Passenger,0,2,2,41,43,4.651162790697674
2020-05-31T00:00:00.000,Montgomery,TX,Passenger,1,0,1,52,53,1.8867924528301887
2020-05-31T00:00:00.000,New London,CT,Passenger,1,2,3,254,257,1.1673151750972761
2020-05-31T00:00:00.000,Orange,CA,Passenger,7,2,9,493,502,1.792828685258964
2020-05-31T00:00:00.000,Pacific,WA,Truck,0,0,0,7626,7626,0.0
2020-05-31T00:00:00.000,Powhatan,VA,Passenger,1,0,1,0,1,100.0
2020-05-31T00:00:00.000,Richmond,GA,Passenger,0,1,1,92,93,1.075268817204301
2020-05-31T00:00:00.000,Riverside,CA,Passenger,3,1,4,626,630,0.6349206349206349
2020-05-31T00:00:00.000,Saginaw,MI,Passenger,1,0,1,10,11,9.090909090909092
2020-05-31T00:00:00.000,San Juan,WA,Truck,0,0,0,5861,5861,0.0
2020-05-31T00:00:00.000,Shasta,CA,Passenger,1,0,1,36,37,2.7027027027027026
2020-07-31T00:00:00.000,San Mateo,CA,Passenger,0,1,1,106,107,0.9345794392523364
2020-07-31T00:00:00.000,Sarasota,FL,Passenger,2,0,2,25,27,7.4074074074074066
2020-07-31T00:00:00.000,Stevens,WA,Passenger,37,35,72,30629,30701,0.2345200482068987
2020-07-31T00:00:00.000,Stevens,WA,Truck,0,0,0,18672,18672,0.0
2020-07-31T00:00:00.000,Twin Falls,ID,Passenger,0,1,1,20,21,4.761904761904762
2020-07-31T00:00:00.000,Vigo,IN,Passenger,1,0,1,5,6,16.666666666666664
2020-07-31T00:00:00.000,Wahkiakum,WA,Truck,0,0,0,1742,1742,0.0
2020-07-31T00:00:00.000,Washoe,NV,Passenger,1,0,1,97,98,1.020408163265306
2020-06-30T00:00:00.000,New Haven,CT,Passenger,0,2,2,38,40,5.0
2020-06-30T00:00:00.000,Pend Oreille,WA,Passenger,7,6,13,9243,9256,0.1404494382022471
2020-06-30T00:00:00.000,Pend Oreille,WA,Truck,0,0,0,5763,5763,0.0
2020-06-30T00:00:00.000,Placer,CA,Passenger,1,0,1,85,86,1.1627906976744187
2020-06-30T00:00:00.000,RÃ­o Grande,PR,Passenger,1,0,1,1,2,50.0
2020-06-30T00:00:00.000,Ramsey,MN,Passenger,1,0,1,41,42,2.380952380952381
2020-06-30T00:00:00.000,San Diego,CA,Passenger,15,6,21,2792,2813,0.7465339495200853
2020-05-31T00:00:00.000,Stafford,VA,Passenger,1,1,2,89,91,2.1978021978021975
2020-05-31T00:00:00.000,Suffolk,MA,Passenger,0,2,2,35,37,5.405405405405404
2020-05-31T00:00:00.000,Valencia,NM,Passenger,1,0,1,5,6,16.666666666666664
2020-06-30T00:00:00.000,Ada,ID,Passenger,0,1,1,264,265,0.3773584905660377
2020-06-30T00:00:00.000,Arlington,VA,Passenger,0,2,2,147,149,1.3422818791946307
2020-06-30T00:00:00.000,Bartow,GA,Passenger,0,1,1,2,3,33.33333333333333
2020-06-30T00:00:00.000,Goochland,VA,Passenger,2,1,3,245,248,1.2096774193548387
2020-06-30T00:00:00.000,Greene,MO,Passenger,0,1,1,31,32,3.125
2020-06-30T00:00:00.000,Hamilton,IN,Passenger,1,0,1,40,41,2.4390243902439024
2020-06-30T00:00:00.000,Harris,TX,Passenger,1,0,1,225,226,0.4424778761061946
2020-06-30T00:00:00.000,Honolulu,HI,Passenger,4,1,5,443,448,1.1160714285714284
2020-06-30T00:00:00.000,Island,WA,Passenger,419,268,687,62816,63503,1.0818386532919704
2020-06-30T00:00:00.000,Jefferson,WA,Truck,0,0,0,9535,9535,0.0
2020-08-31T00:00:00.000,Ada,ID,Passenger,0,1,1,251,252,0.3968253968253968
2020-08-31T00:00:00.000,Bell,TX,Passenger,0,1,1,415,416,0.2403846153846153
2020-08-31T00:00:00.000,Boone,MO,Passenger,0,1,1,11,12,8.333333333333332
2020-08-31T00:00:00.000,Calvert,MD,Passenger,0,2,2,86,88,2.272727272727273
2020-08-31T00:00:00.000,Camden,NJ,Passenger,0,1,1,22,23,4.3478260869565215
2020-08-31T00:00:00.000,Clackamas,OR,Passenger,2,0,2,182,184,1.0869565217391304
2020-05-31T00:00:00.000,DeKalb,GA,Passenger,1,0,1,77,78,1.282051282051282
2020-05-31T00:00:00.000,Douglas,WA,Passenger,69,40,109,27970,28079,0.3881904626233127
2020-05-31T00:00:00.000,Frederick,MD,Passenger,1,1,2,77,79,2.531645569620253
2020-05-31T00:00:00.000,Grant,WA,Passenger,59,70,129,65212,65341,0.1974258122771307
2020-05-31T00:00:00.000,Grays Harbor,WA,Truck,0,0,0,20769,20769,0.0
2020-05-31T00:00:00.000,Houston,GA,Passenger,1,0,1,53,54,1.851851851851852
2020-04-30T00:00:00.000,Juneau,AK,Passenger,0,2,2,31,33,6.0606060606060606
2020-04-30T00:00:00.000,Kent,MI,Passenger,0,1,1,23,24,4.166666666666666
2020-04-30T00:00:00.000,Kitsap,WA,Truck,1,0,1,53924,53925,0.0018544274455261
2020-04-30T00:00:00.000,Lewis,WA,Passenger,99,106,205,58657,58862,0.3482722299616051
2020-04-30T00:00:00.000,Montgomery,PA,Passenger,1,0,1,31,32,3.125
2020-04-30T00:00:00.000,New London,CT,Passenger,1,2,3,253,256,1.171875
2020-04-30T00:00:00.000,Orange,CA,Passenger,7,2,9,496,505,1.782178217821782
2020-04-30T00:00:00.000,Riverside,CA,Passenger,3,1,4,630,634,0.6309148264984227
2020-04-30T00:00:00.000,Sacramento,CA,Passenger,1,0,1,264,265,0.3773584905660377
2020-04-30T00:00:00.000,San Juan,WA,Passenger,295,88,383,14157,14540,2.6341127922971115
2020-04-30T00:00:00.000,Santa Clara,CA,Passenger,6,2,8,315,323,2.4767801857585137
2020-03-31T00:00:00.000,Pend Oreille,WA,Truck,0,0,0,5759,5759,0.0
2020-03-31T00:00:00.000,Placer,CA,Passenger,1,0,1,89,90,1.1111111111111112
2020-03-31T00:00:00.000,RÃ­o Grande,PR,Passenger,1,0,1,1,2,50.0
2020-03-31T00:00:00.000,Ramsey,MN,Passenger,1,0,1,42,43,2.325581395348837
2020-03-31T00:00:00.000,San Diego,CA,Passenger,13,6,19,2814,2833,0.6706671373102717
2020-03-31T00:00:00.000,Skamania,WA,Passenger,29,17,46,8720,8766,0.5247547342003194
2020-03-31T00:00:00.000,St. Clair,IL,Passenger,1,0,1,144,145,0.6896551724137931
2020-06-30T00:00:00.000,Calvert,MD,Passenger,0,2,2,89,91,2.1978021978021975
2020-06-30T00:00:00.000,Charleston,SC,Passenger,1,0,1,103,104,0.9615384615384616
2020-06-30T00:00:00.000,Clark,WA,Passenger,2014,1056,3070,317718,320788,0.9570183423320074
2020-06-30T00:00:00.000,DeKalb,GA,Passenger,1,0,1,78,79,1.2658227848101264
2020-06-30T00:00:00.000,District of Columbia,DC,Passenger,2,1,3,195,198,1.5151515151515151
2020-04-30T00:00:00.000,New Haven,CT,Passenger,0,2,2,41,43,4.651162790697674
2020-04-30T00:00:00.000,Norfolk,VA,Passenger,2,2,4,354,358,1.11731843575419
2020-04-30T00:00:00.000,Nueces,TX,Passenger,1,0,1,79,80,1.25
2020-04-30T00:00:00.000,Owyhee,ID,Passenger,1,0,1,3,4,25.0
2020-04-30T00:00:00.000,Palm Beach,FL,Passenger,0,1,1,74,75,1.3333333333333333
2020-04-30T00:00:00.000,Rockingham,NH,Passenger,1,0,1,28,29,3.4482758620689653
2020-04-30T00:00:00.000,Rogers,OK,Passenger,1,0,1,6,7,14.285714285714285
2020-04-30T00:00:00.000,Santa Cruz,CA,Passenger,1,0,1,38,39,2.564102564102564
2020-08-31T00:00:00.000,Contra Costa,CA,Passenger,4,2,6,320,326,1.840490797546012
2020-08-31T00:00:00.000,DeKalb,IN,Passenger,1,0,1,1,2,50.0
2020-08-31T00:00:00.000,Douglas,CO,Passenger,0,1,1,77,78,1.282051282051282
2020-08-31T00:00:00.000,Ferry,WA,Truck,0,0,0,3580,3580,0.0
2020-08-31T00:00:00.000,Franklin,WA,Passenger,66,77,143,60798,60941,0.2346531891501616
2020-08-31T00:00:00.000,Hennepin,MN,Passenger,3,0,3,86,89,3.3707865168539324
2020-05-31T00:00:00.000,King,WA,Passenger,24025,7684,31709,1375179,1406888,2.2538396802019776
2020-05-31T00:00:00.000,Kittitas,WA,Truck,0,0,0,14551,14551,0.0
2020-05-31T00:00:00.000,Middlesex,MA,Passenger,1,1,2,101,103,1.9417475728155336
2020-05-31T00:00:00.000,Monroe,IL,Passenger,1,0,1,4,5,20.0
2020-04-30T00:00:00.000,Solano,CA,Passenger,1,0,1,218,219,0.45662100456621
2020-04-30T00:00:00.000,Stafford,VA,Passenger,1,1,2,87,89,2.247191011235955
2020-04-30T00:00:00.000,Suffolk,VA,Passenger,1,0,1,121,122,0.8196721311475409
2020-04-30T00:00:00.000,Sumter,FL,Passenger,0,1,1,9,10,10.0
2020-04-30T00:00:00.000,Thurston,WA,Truck,0,0,0,55508,55508,0.0
2020-04-30T00:00:00.000,Travis,TX,Passenger,2,1,3,179,182,1.6483516483516485
2020-04-30T00:00:00.000,Ventura,CA,Passenger,0,3,3,295,298,1.0067114093959733
2020-04-30T00:00:00.000,Whitman,WA,Passenger,44,48,92,22315,22407,0.4105859775962868
2020-06-30T00:00:00.000,Mason,WA,Passenger,159,135,294,47286,47580,0.6179066834804539
2020-06-30T00:00:00.000,Multnomah,OR,Passenger,4,7,11,697,708,1.5536723163841808
2020-06-30T00:00:00.000,Nassau,NY,Passenger,4,0,4,29,33,12.12121212121212
2020-06-30T00:00:00.000,Newport,RI,Passenger,1,0,1,83,84,1.1904761904761905
2020-06-30T00:00:00.000,Okanogan,WA,Passenger,36,33,69,25848,25917,0.2662345178840143
2020-06-30T00:00:00.000,Osceola,FL,Passenger,1,0,1,36,37,2.7027027027027026
2020-06-30T00:00:00.000,Penobscot,ME,Passenger,0,1,1,13,14,7.142857142857143
2020-06-30T00:00:00.000,Pierce,WA,Passenger,2382,1693,4075,549788,553863,0.7357415100846239
2020-06-30T00:00:00.000,Pinellas,FL,Passenger,1,1,2,107,109,1.8348623853211008
2020-03-31T00:00:00.000,Walla Walla,WA,Passenger,68,63,131,36246,36377,0.3601176567611402
2020-03-31T00:00:00.000,Yakima,WA,Passenger,124,116,240,165859,166099,0.144492140229622
2020-04-30T00:00:00.000,Benton,WA,Passenger,348,321,669,134580,135249,0.4946432136281968
2020-04-30T00:00:00.000,Brevard,FL,Passenger,0,1,1,85,86,1.1627906976744187
2020-04-30T00:00:00.000,Cascade,MT,Passenger,0,1,1,58,59,1.694915254237288
2020-08-31T00:00:00.000,Juneau,AK,Passenger,0,1,1,27,28,3.5714285714285716
2020-08-31T00:00:00.000,Kittitas,WA,Passenger,110,47,157,29766,29923,0.5246800120308792
2020-08-31T00:00:00.000,Klamath,OR,Passenger,1,0,1,29,30,3.333333333333333
2020-08-31T00:00:00.000,Lincoln,WA,Truck,0,0,0,4652,4652,0.0
2020-08-31T00:00:00.000,Maui,HI,Passenger,1,0,1,30,31,3.225806451612903
2020-06-30T00:00:00.000,Skamania,WA,Passenger,31,17,48,8483,8531,0.5626538506622903
2020-06-30T00:00:00.000,Walla Walla,WA,Passenger,73,62,135,35839,35974,0.3752710290765552
2020-06-30T00:00:00.000,Whatcom,WA,Passenger,1065,500,1565,149278,150843,1.037502568896137
2020-06-30T00:00:00.000,Yakima,WA,Passenger,132,119,251,165374,165625,0.1515471698113207
2020-07-31T00:00:00.000,Adams,WA,Passenger,9,7,16,12865,12881,0.1242139585435913
2020-07-31T00:00:00.000,Adams,WA,Truck,0,0,0,5282,5282,0.0
2020-07-31T00:00:00.000,Albemarle,VA,Passenger,1,0,1,20,21,4.761904761904762
2020-07-31T00:00:00.000,Anne Arundel,MD,Passenger,0,1,1,406,407,0.2457002457002457
2020-07-31T00:00:00.000,Arapahoe,CO,Passenger,1,0,1,127,128,0.78125
2020-07-31T00:00:00.000,Asotin,WA,Truck,0,0,0,6653,6653,0.0
2020-06-30T00:00:00.000,Ferry,WA,Passenger,5,3,8,4330,4338,0.1844167819271553
2020-06-30T00:00:00.000,Fresno,CA,Passenger,1,0,1,183,184,0.5434782608695652
2020-06-30T00:00:00.000,Fulton,GA,Passenger,1,2,3,97,100,3.0
2020-06-30T00:00:00.000,Grant,WA,Truck,0,0,0,27089,27089,0.0
2020-06-30T00:00:00.000,Houston,GA,Passenger,1,0,1,54,55,1.818181818181818
2020-06-30T00:00:00.000,Jefferson,NY,Passenger,0,1,1,210,211,0.4739336492890995
2020-06-30T00:00:00.000,Kent,MI,Passenger,0,1,1,23,24,4.166666666666666
2020-06-30T00:00:00.000,King,WA,Passenger,24117,7708,31825,1371259,1403084,2.2682177260948024
2020-04-30T00:00:00.000,Snohomish,WA,Passenger,4401,1753,6154,535230,541384,1.1367162679355134
2020-04-30T00:00:00.000,Spokane,WA,Passenger,711,472,1183,316352,317535,0.3725573558820287
2020-04-30T00:00:00.000,St. Clair,IL,Passenger,1,0,1,143,144,0.6944444444444444
2020-04-30T00:00:00.000,St. Louis,MO,Passenger,1,0,1,98,99,1.01010101010101
2020-04-30T00:00:00.000,Yakima,WA,Truck,0,0,0,59524,59524,0.0
2020-07-31T00:00:00.000,Clackamas,OR,Passenger,2,0,2,189,191,1.0471204188481675
2020-07-31T00:00:00.000,DeKalb,IN,Passenger,1,0,1,1,2,50.0
2020-07-31T00:00:00.000,Erie,NY,Passenger,1,0,1,43,44,2.272727272727273
2020-08-31T00:00:00.000,Montgomery,AL,Passenger,0,1,1,38,39,2.564102564102564
2020-08-31T00:00:00.000,New Haven,CT,Passenger,0,2,2,35,37,5.405405405405404
2020-05-31T00:00:00.000,Moore,NC,Passenger,0,1,1,163,164,0.6097560975609756
2020-05-31T00:00:00.000,Okanogan,WA,Truck,0,0,0,16388,16388,0.0
2020-05-31T00:00:00.000,Pend Oreille,WA,Truck,0,0,0,5744,5744,0.0
2020-05-31T00:00:00.000,Pima,AZ,Passenger,3,1,4,346,350,1.1428571428571428
2020-05-31T00:00:00.000,Placer,CA,Passenger,1,0,1,84,85,1.176470588235294
2020-05-31T00:00:00.000,Ramsey,MN,Passenger,1,0,1,41,42,2.380952380952381
2020-05-31T00:00:00.000,San Diego,CA,Passenger,15,6,21,2773,2794,0.7516105941302791
2020-05-31T00:00:00.000,Benton,WA,Truck,0,0,0,42473,42473,0.0
2020-05-31T00:00:00.000,Broward,FL,Passenger,2,1,3,110,113,2.654867256637168
2020-05-31T00:00:00.000,Cascade,MT,Passenger,0,1,1,58,59,1.694915254237288
2020-05-31T00:00:00.000,Chelan,WA,Truck,0,0,0,22435,22435,0.0
2020-05-31T00:00:00.000,Cowlitz,WA,Passenger,136,115,251,72373,72624,0.3456157743996474
2020-05-31T00:00:00.000,Alameda,CA,Passenger,2,1,3,269,272,1.102941176470588
2020-05-31T00:00:00.000,Brevard,FL,Passenger,0,1,1,83,84,1.1904761904761905
2020-05-31T00:00:00.000,Carroll,NH,Passenger,0,1,1,4,5,20.0
2020-05-31T00:00:00.000,Charles,MD,Passenger,1,1,2,73,75,2.6666666666666665
2020-05-31T00:00:00.000,Clay,FL,Passenger,0,1,1,80,81,1.234567901234568
2020-05-31T00:00:00.000,Denton,TX,Passenger,1,0,1,85,86,1.1627906976744187
2020-05-31T00:00:00.000,Douglas,NE,Passenger,0,1,1,56,57,1.7543859649122808
2020-06-30T00:00:00.000,Queens,NY,Passenger,1,0,1,50,51,1.96078431372549
2020-06-30T00:00:00.000,San Francisco,CA,Passenger,1,1,2,89,91,2.1978021978021975
2020-06-30T00:00:00.000,Skagit,WA,Passenger,407,221,628,91162,91790,0.6841703889312561
2020-06-30T00:00:00.000,Skamania,WA,Truck,0,0,0,4011,4011,0.0
2020-06-30T00:00:00.000,St. Mary's,MD,Passenger,1,0,1,216,217,0.4608294930875576
2020-06-30T00:00:00.000,Twin Falls,ID,Passenger,0,1,1,22,23,4.3478260869565215
2020-06-30T00:00:00.000,Vigo,IN,Passenger,1,0,1,5,6,16.666666666666664
2020-06-30T00:00:00.000,Wahkiakum,WA,Truck,0,0,0,1737,1737,0.0
2020-06-30T00:00:00.000,Walla Walla,WA,Truck,0,0,0,13744,13744,0.0
2020-06-30T00:00:00.000,Larimer,CO,Passenger,1,0,1,51,52,1.9230769230769231
2020-06-30T00:00:00.000,Mason,WA,Truck,0,0,0,20606,20606,0.0
2020-06-30T00:00:00.000,Monroe,IL,Passenger,1,0,1,4,5,20.0
2020-06-30T00:00:00.000,Monterey,CA,Passenger,0,1,1,164,165,0.606060606060606
2020-06-30T00:00:00.000,Moore,NC,Passenger,0,2,2,163,165,1.212121212121212
2020-06-30T00:00:00.000,Nassau,FL,Passenger,1,0,1,34,35,2.8571428571428568
2020-06-30T00:00:00.000,Norfolk,VA,Passenger,2,2,4,351,355,1.1267605633802815
2020-06-30T00:00:00.000,Oldham,KY,Passenger,0,1,1,4,5,20.0
2020-04-30T00:00:00.000,Chelan,WA,Truck,0,0,0,22460,22460,0.0
2020-04-30T00:00:00.000,Columbia,WA,Passenger,3,3,6,2407,2413,0.2486531288852051
2020-04-30T00:00:00.000,Columbia,WA,Truck,0,0,0,1525,1525,0.0
2020-04-30T00:00:00.000,Cowlitz,WA,Truck,0,0,0,28769,28769,0.0
2020-04-30T00:00:00.000,Dakota,MN,Passenger,0,1,1,30,31,3.225806451612903
2020-04-30T00:00:00.000,Denver,CO,Passenger,1,0,1,120,121,0.8264462809917354
2020-04-30T00:00:00.000,El Paso,TX,Passenger,3,0,3,435,438,0.684931506849315
2020-04-30T00:00:00.000,Fairbanks North Star,AK,Passenger,0,1,1,102,103,0.9708737864077668
2020-04-30T00:00:00.000,Gwinnett,GA,Passenger,1,0,1,76,77,1.2987012987012987
2020-08-31T00:00:00.000,San Juan,WA,Passenger,320,100,420,13930,14350,2.926829268292683
2020-08-31T00:00:00.000,Santa Clara,CA,Passenger,7,2,9,273,282,3.191489361702128
2020-08-31T00:00:00.000,Sedgwick,KS,Passenger,1,1,2,86,88,2.272727272727273
2020-08-31T00:00:00.000,Shelby,TN,Passenger,0,1,1,84,85,1.176470588235294
2020-08-31T00:00:00.000,St. Clair,IL,Passenger,1,0,1,144,145,0.6896551724137931
2020-08-31T00:00:00.000,Thurston,WA,Passenger,1196,752,1948,197155,199103,0.9783880704961752
2020-06-30T00:00:00.000,Washington,OR,Passenger,1,0,1,424,425,0.2352941176470588
2020-06-30T00:00:00.000,Washoe,NV,Passenger,1,0,1,100,101,0.99009900990099
2020-07-31T00:00:00.000,,,Passenger,5,1,6,351,357,1.680672268907563
2020-07-31T00:00:00.000,Bell,TX,Passenger,0,1,1,419,420,0.238095238095238
2020-05-31T00:00:00.000,Jefferson,WA,Passenger,233,141,374,24827,25201,1.4840680925360104
2020-05-31T00:00:00.000,King,WA,Truck,5,1,6,181433,181439,0.0033068965327189
2020-05-31T00:00:00.000,Suffolk,VA,Passenger,1,0,1,117,118,0.847457627118644
2020-05-31T00:00:00.000,Ventura,CA,Passenger,1,2,3,292,295,1.0169491525423728
2020-05-31T00:00:00.000,Virginia Beach,VA,Passenger,1,0,1,668,669,0.1494768310911808
2020-05-31T00:00:00.000,Yakima,WA,Passenger,131,117,248,165041,165289,0.1500402325623604
2020-06-30T00:00:00.000,Adams,WA,Passenger,9,7,16,12785,12801,0.1249902351378798
2020-06-30T00:00:00.000,Arapahoe,CO,Passenger,1,0,1,128,129,0.7751937984496124
2020-06-30T00:00:00.000,Pima,AZ,Passenger,3,1,4,343,347,1.1527377521613833
2020-06-30T00:00:00.000,Putnam,TN,Passenger,0,1,1,3,4,25.0
2020-06-30T00:00:00.000,Sacramento,CA,Passenger,1,0,1,261,262,0.381679389312977
2020-06-30T00:00:00.000,Santa Cruz,CA,Passenger,1,0,1,33,34,2.941176470588235
2020-06-30T00:00:00.000,Sarasota,FL,Passenger,2,0,2,26,28,7.142857142857143
2020-06-30T00:00:00.000,Shelby,TN,Passenger,0,1,1,87,88,1.1363636363636365
2020-06-30T00:00:00.000,Spartanburg,SC,Passenger,0,1,1,41,42,2.380952380952381
2020-06-30T00:00:00.000,St. Clair,IL,Passenger,1,0,1,141,142,0.704225352112676
2020-05-31T00:00:00.000,Dakota,MN,Passenger,0,1,1,30,31,3.225806451612903
2020-05-31T00:00:00.000,Flathead,MT,Passenger,1,0,1,61,62,1.6129032258064515
2020-05-31T00:00:00.000,Fulton,GA,Passenger,1,2,3,100,103,2.912621359223301
2020-05-31T00:00:00.000,Goochland,VA,Passenger,2,1,3,247,250,1.2
2020-05-31T00:00:00.000,Hamilton,IN,Passenger,1,0,1,39,40,2.5
2020-05-31T00:00:00.000,Harris,TX,Passenger,1,0,1,228,229,0.4366812227074235
2020-05-31T00:00:00.000,Island,WA,Passenger,408,270,678,62809,63487,1.0679351678296345
2020-05-31T00:00:00.000,Island,WA,Truck,1,0,1,21140,21141,0.0047301452154581
2020-05-31T00:00:00.000,Jefferson,NY,Passenger,0,1,1,210,211,0.4739336492890995
2020-05-31T00:00:00.000,Kent,MI,Passenger,0,1,1,23,24,4.166666666666666
2020-07-31T00:00:00.000,Franklin,WA,Passenger,65,79,144,60783,60927,0.2363484169579989
2020-07-31T00:00:00.000,Franklin,WA,Truck,0,0,0,20097,20097,0.0
2020-07-31T00:00:00.000,Garfield,WA,Passenger,0,1,1,1353,1354,0.0738552437223042
2020-07-31T00:00:00.000,Honolulu,HI,Passenger,4,1,5,441,446,1.1210762331838564
2020-07-31T00:00:00.000,Howard,MD,Passenger,0,1,1,69,70,1.4285714285714284
2020-07-31T00:00:00.000,Jefferson,CO,Passenger,0,1,1,60,61,1.639344262295082
2020-07-31T00:00:00.000,Kern,CA,Passenger,0,1,1,223,224,0.4464285714285714
2020-07-31T00:00:00.000,Kitsap,WA,Passenger,1378,696,2074,179912,181986,1.1396481047992701
2020-07-31T00:00:00.000,Klamath,OR,Passenger,1,0,1,30,31,3.225806451612903
2020-04-30T00:00:00.000,Island,WA,Truck,1,0,1,21150,21151,0.0047279088459174
2020-04-30T00:00:00.000,Klickitat,WA,Truck,0,0,0,8193,8193,0.0
2020-04-30T00:00:00.000,Kootenai,ID,Passenger,1,0,1,215,216,0.4629629629629629
2020-04-30T00:00:00.000,Lake,FL,Passenger,1,0,1,20,21,4.761904761904762
2020-04-30T00:00:00.000,Montgomery,OH,Passenger,0,1,1,45,46,2.1739130434782608
2020-08-31T00:00:00.000,Yakima,WA,Truck,0,0,0,60428,60428,0.0
2020-09-30T00:00:00.000,,,Passenger,5,1,6,341,347,1.7291066282420748
2020-09-30T00:00:00.000,Boone,MO,Passenger,0,1,1,11,12,8.333333333333332
2020-09-30T00:00:00.000,Camden,NJ,Passenger,0,1,1,23,24,4.166666666666666
2020-09-30T00:00:00.000,Clark,WA,Truck,0,0,0,82863,82863,0.0
2020-07-31T00:00:00.000,Clallam,WA,Truck,1,0,1,21699,21700,0.0046082949308755
2020-07-31T00:00:00.000,Contra Costa,CA,Passenger,4,2,6,323,329,1.82370820668693
2020-07-31T00:00:00.000,Deschutes,OR,Passenger,2,0,2,127,129,1.550387596899225
2020-07-31T00:00:00.000,Douglas,WA,Passenger,75,41,116,28057,28173,0.411741738543996
2020-07-31T00:00:00.000,Ferry,WA,Truck,0,0,0,3566,3566,0.0
2020-07-31T00:00:00.000,Frederick,MD,Passenger,1,1,2,76,78,2.564102564102564
2020-06-30T00:00:00.000,Travis,TX,Passenger,2,1,3,173,176,1.7045454545454544
2020-06-30T00:00:00.000,Virginia Beach,VA,Passenger,1,0,1,664,665,0.150375939849624
2020-06-30T00:00:00.000,Whitman,WA,Passenger,44,48,92,22143,22235,0.4137620868000899
2020-06-30T00:00:00.000,Yakima,WA,Truck,0,0,0,59903,59903,0.0
2020-07-31T00:00:00.000,Alameda,CA,Passenger,2,0,2,262,264,0.7575757575757575
2020-07-31T00:00:00.000,Arlington,VA,Passenger,0,2,2,146,148,1.351351351351351
2020-07-31T00:00:00.000,Boone,MO,Passenger,0,1,1,11,12,8.333333333333332
2020-07-31T00:00:00.000,Boulder,CO,Passenger,0,1,1,43,44,2.272727272727273
2020-05-31T00:00:00.000,Lee,FL,Passenger,1,0,1,45,46,2.1739130434782608
2020-05-31T00:00:00.000,Lincoln,WA,Passenger,4,12,16,7647,7663,0.2087955108965157
2020-05-31T00:00:00.000,Loudoun,VA,Passenger,1,0,1,88,89,1.1235955056179776
2020-05-31T00:00:00.000,Montgomery,PA,Passenger,1,0,1,30,31,3.225806451612903
2020-05-31T00:00:00.000,Pacific,WA,Passenger,31,33,64,15706,15770,0.4058338617628408
2020-05-31T00:00:00.000,Pend Oreille,WA,Passenger,7,6,13,9217,9230,0.1408450704225352
2020-07-31T00:00:00.000,Lincoln,WA,Truck,0,0,0,4661,4661,0.0
2020-07-31T00:00:00.000,Loudoun,VA,Passenger,1,0,1,83,84,1.1904761904761905
2020-07-31T00:00:00.000,Montgomery,AL,Passenger,0,1,1,39,40,2.5
2020-07-31T00:00:00.000,New London,CT,Passenger,1,2,3,249,252,1.1904761904761905
2020-07-31T00:00:00.000,Orange,CA,Passenger,7,2,9,485,494,1.8218623481781375
2020-06-30T00:00:00.000,Benton,WA,Passenger,359,321,680,134252,134932,0.5039575489876382
2020-06-30T00:00:00.000,Boone,MO,Passenger,0,1,1,11,12,8.333333333333332
2020-06-30T00:00:00.000,Boulder,CO,Passenger,0,1,1,42,43,2.325581395348837
2020-06-30T00:00:00.000,Broward,FL,Passenger,2,1,3,106,109,2.7522935779816518
2020-06-30T00:00:00.000,Bucks,PA,Passenger,1,0,1,19,20,5.0
2020-06-30T00:00:00.000,Cape May,NJ,Passenger,0,1,1,13,14,7.142857142857143
2020-06-30T00:00:00.000,Cascade,MT,Passenger,0,1,1,56,57,1.7543859649122808
2020-06-30T00:00:00.000,Clallam,WA,Passenger,228,168,396,50100,50496,0.7842205323193916
2020-06-30T00:00:00.000,Cowlitz,WA,Truck,0,0,0,28872,28872,0.0
2020-06-30T00:00:00.000,Dakota,MN,Passenger,0,1,1,31,32,3.125
2020-06-30T00:00:00.000,DeKalb,IN,Passenger,1,0,1,1,2,50.0
2020-05-31T00:00:00.000,Kootenai,ID,Passenger,1,0,1,213,214,0.4672897196261682
2020-05-31T00:00:00.000,Lewis,WA,Passenger,99,108,207,58244,58451,0.3541427862654188
2020-05-31T00:00:00.000,Mason,WA,Passenger,157,137,294,47193,47487,0.6191168109166719
2020-05-31T00:00:00.000,Mason,WA,Truck,0,0,0,20509,20509,0.0
2020-05-31T00:00:00.000,Newport,RI,Passenger,1,0,1,84,85,1.176470588235294
2020-05-31T00:00:00.000,Norfolk,VA,Passenger,2,2,4,352,356,1.1235955056179776
2020-05-31T00:00:00.000,Nueces,TX,Passenger,1,0,1,78,79,1.2658227848101264
2020-07-31T00:00:00.000,Harrison,MS,Passenger,1,0,1,54,55,1.818181818181818
2020-07-31T00:00:00.000,Klickitat,WA,Passenger,56,43,99,15115,15214,0.6507164453792559
2020-07-31T00:00:00.000,Lake,IL,Passenger,1,0,1,169,170,0.588235294117647
2020-09-30T00:00:00.000,Denver,CO,Passenger,1,0,1,110,111,0.9009009009009008
2020-09-30T00:00:00.000,Deschutes,OR,Passenger,1,0,1,122,123,0.8130081300813008
2020-09-30T00:00:00.000,Douglas,WA,Passenger,79,45,124,28048,28172,0.4401533437455629
2020-09-30T00:00:00.000,Douglas,WA,Truck,0,0,0,12379,12379,0.0
2020-09-30T00:00:00.000,El Dorado,CA,Passenger,1,0,1,34,35,2.8571428571428568
2020-09-30T00:00:00.000,Frederick,MD,Passenger,1,1,2,73,75,2.6666666666666665
2020-09-30T00:00:00.000,Grant,WA,Passenger,67,80,147,65588,65735,0.2236251616338328
2020-09-30T00:00:00.000,Gwinnett,GA,Passenger,1,0,1,73,74,1.351351351351351
2020-07-31T00:00:00.000,Bradley,TN,Passenger,1,0,1,3,4,25.0
2020-07-31T00:00:00.000,Bucks,PA,Passenger,1,0,1,20,21,4.761904761904762
2020-07-31T00:00:00.000,Camden,NJ,Passenger,0,1,1,22,23,4.3478260869565215
2020-07-31T00:00:00.000,Cape May,NJ,Passenger,0,1,1,13,14,7.142857142857143
2020-07-31T00:00:00.000,Charles,MD,Passenger,1,1,2,75,77,2.5974025974025974
2020-07-31T00:00:00.000,Charleston,SC,Passenger,2,0,2,98,100,2.0
2020-07-31T00:00:00.000,Clark,NV,Passenger,2,3,5,671,676,0.7396449704142011
2020-07-31T00:00:00.000,Clay,FL,Passenger,0,1,1,82,83,1.2048192771084336
2020-07-31T00:00:00.000,Douglas,WA,Truck,0,0,0,12351,12351,0.0
2020-07-31T00:00:00.000,DuPage,IL,Passenger,3,0,3,56,59,5.084745762711864
2020-07-31T00:00:00.000,Duval,FL,Passenger,0,2,2,363,365,0.547945205479452
2020-09-30T00:00:00.000,Juneau,AK,Passenger,0,1,1,28,29,3.4482758620689653
2020-09-30T00:00:00.000,Lake,FL,Passenger,1,0,1,23,24,4.166666666666666
2020-09-30T00:00:00.000,Maui,HI,Passenger,1,0,1,29,30,3.333333333333333
2020-07-31T00:00:00.000,Manassas,VA,Passenger,0,1,1,4,5,20.0
2020-07-31T00:00:00.000,Maricopa,AZ,Passenger,5,7,12,1368,1380,0.8695652173913043
2020-07-31T00:00:00.000,Maui,HI,Passenger,1,0,1,32,33,3.0303030303030303
2020-07-31T00:00:00.000,Prince George's,MD,Passenger,1,1,2,154,156,1.282051282051282
2020-05-31T00:00:00.000,Pinal,AZ,Passenger,1,0,1,183,184,0.5434782608695652
2020-05-31T00:00:00.000,Prince William,VA,Passenger,2,3,5,221,226,2.2123893805309733
2020-05-31T00:00:00.000,RÃ­o Grande,PR,Passenger,1,0,1,1,2,50.0
2020-05-31T00:00:00.000,Skamania,WA,Passenger,30,16,46,8527,8573,0.5365682958124343
2020-05-31T00:00:00.000,Solano,CA,Passenger,1,0,1,213,214,0.4672897196261682
2020-05-31T00:00:00.000,Tulsa,OK,Passenger,1,1,2,43,45,4.444444444444445
2020-05-31T00:00:00.000,Utah,UT,Passenger,0,1,1,129,130,0.7692307692307692
2020-05-31T00:00:00.000,Whatcom,WA,Passenger,1061,497,1558,149330,150888,1.0325539472986587
2020-06-30T00:00:00.000,Fairfax,VA,Passenger,4,3,7,734,741,0.9446693657219972
2020-06-30T00:00:00.000,Howard,MD,Passenger,0,1,1,72,73,1.36986301369863
2020-06-30T00:00:00.000,Island,WA,Truck,1,0,1,21216,21217,0.0047132016778997
2020-06-30T00:00:00.000,Kitsap,WA,Passenger,1331,686,2017,179842,181859,1.109101006823968
2020-06-30T00:00:00.000,Klickitat,WA,Truck,0,0,0,8102,8102,0.0
2020-04-30T00:00:00.000,Pacific,WA,Passenger,30,34,64,15840,15904,0.4024144869215291
2020-04-30T00:00:00.000,Pierce,WA,Truck,0,0,0,141154,141154,0.0
2020-04-30T00:00:00.000,Pinellas,FL,Passenger,1,1,2,107,109,1.8348623853211008
2020-04-30T00:00:00.000,Polk,FL,Passenger,1,0,1,66,67,1.492537313432836
2020-04-30T00:00:00.000,Powhatan,VA,Passenger,1,0,1,0,1,100.0
2020-04-30T00:00:00.000,Richmond,GA,Passenger,0,1,1,92,93,1.075268817204301
2020-04-30T00:00:00.000,San Mateo,CA,Passenger,0,1,1,114,115,0.8695652173913043
2020-04-30T00:00:00.000,Shasta,CA,Passenger,1,0,1,37,38,2.631578947368421
2020-04-30T00:00:00.000,Skagit,WA,Truck,1,0,1,32389,32390,0.0030873726458783
2020-04-30T00:00:00.000,Spokane,WA,Truck,1,0,1,97410,97411,0.0010265781071952
2020-04-30T00:00:00.000,Stevens,WA,Passenger,33,33,66,30966,31032,0.2126836813611755
2020-04-30T00:00:00.000,Stevens,WA,Truck,0,0,0,18613,18613,0.0
2020-04-30T00:00:00.000,Suffolk,MA,Passenger,0,2,2,36,38,5.263157894736842
2020-07-31T00:00:00.000,Richland,SC,Passenger,0,1,1,156,157,0.6369426751592356
2020-07-31T00:00:00.000,Riverside,CA,Passenger,3,1,4,610,614,0.6514657980456026
2020-07-31T00:00:00.000,Salt Lake,UT,Passenger,0,1,1,177,178,0.5617977528089887
2020-07-31T00:00:00.000,San Juan,WA,Passenger,311,94,405,13959,14364,2.819548872180451
2020-07-31T00:00:00.000,San Juan,WA,Truck,0,0,0,5842,5842,0.0
2020-07-31T00:00:00.000,Solano,CA,Passenger,1,0,1,214,215,0.4651162790697674
2020-07-31T00:00:00.000,Stafford,VA,Passenger,1,1,2,88,90,2.2222222222222223
2020-07-31T00:00:00.000,Sumter,FL,Passenger,0,1,1,9,10,10.0
2020-07-31T00:00:00.000,Thurston,WA,Truck,0,0,0,55907,55907,0.0
2020-06-30T00:00:00.000,Allegheny,PA,Passenger,1,0,1,68,69,1.4492753623188404
2020-06-30T00:00:00.000,Bell,TX,Passenger,0,1,1,421,422,0.2369668246445497
2020-06-30T00:00:00.000,Carson City,NV,Passenger,1,0,1,11,12,8.333333333333332
2020-09-30T00:00:00.000,New Haven,CT,Passenger,0,2,2,34,36,5.555555555555556
2020-09-30T00:00:00.000,Palm Beach,FL,Passenger,0,1,1,73,74,1.351351351351351
2020-09-30T00:00:00.000,Powhatan,VA,Passenger,1,0,1,0,1,100.0
2020-09-30T00:00:00.000,Richmond,GA,Passenger,0,1,1,87,88,1.1363636363636365
2020-09-30T00:00:00.000,Rockingham,NH,Passenger,1,0,1,24,25,4.0
2020-09-30T00:00:00.000,Rogers,OK,Passenger,1,0,1,5,6,16.666666666666664
2020-09-30T00:00:00.000,San Diego,CA,Passenger,16,5,21,2769,2790,0.7526881720430108
2020-08-31T00:00:00.000,Broward,FL,Passenger,2,1,3,105,108,2.7777777777777777
2020-08-31T00:00:00.000,Cascade,MT,Passenger,0,1,1,56,57,1.7543859649122808
2020-07-31T00:00:00.000,Randolph,NC,Passenger,1,0,1,8,9,11.111111111111112
2020-07-31T00:00:00.000,San Diego,CA,Passenger,15,5,20,2795,2815,0.7104795737122557
2020-07-31T00:00:00.000,Sedgwick,KS,Passenger,1,1,2,93,95,2.1052631578947367
2020-07-31T00:00:00.000,Thurston,WA,Passenger,1177,743,1920,197203,199123,0.9642281403956348
2020-07-31T00:00:00.000,Washtenaw,MI,Passenger,1,0,1,32,33,3.0303030303030303
2020-04-30T00:00:00.000,Tarrant,TX,Passenger,1,0,1,175,176,0.5681818181818181
2020-04-30T00:00:00.000,Whatcom,WA,Truck,3,0,3,42838,42841,0.0070026376601853
2020-05-31T00:00:00.000,Ada,ID,Passenger,0,1,1,267,268,0.3731343283582089
2020-05-31T00:00:00.000,Alexandria,VA,Passenger,1,0,1,140,141,0.7092198581560283
2020-05-31T00:00:00.000,Bartow,GA,Passenger,0,1,1,2,3,33.33333333333333
2020-07-31T00:00:00.000,Jefferson,WA,Passenger,249,142,391,24740,25131,1.555847359834467
2020-07-31T00:00:00.000,Kent,MI,Passenger,0,1,1,23,24,4.166666666666666
2020-07-31T00:00:00.000,Kitsap,WA,Truck,0,0,0,54159,54159,0.0
2020-07-31T00:00:00.000,Lewis,WA,Passenger,107,115,222,58140,58362,0.3803844967615914
2020-06-30T00:00:00.000,Kootenai,ID,Passenger,1,0,1,209,210,0.4761904761904761
2020-06-30T00:00:00.000,Lincoln,WA,Truck,0,0,0,4624,4624,0.0
2020-06-30T00:00:00.000,Montgomery,AL,Passenger,0,1,1,39,40,2.5
2020-06-30T00:00:00.000,Montgomery,OH,Passenger,0,1,1,47,48,2.083333333333333
2020-06-30T00:00:00.000,Orange,CA,Passenger,7,2,9,495,504,1.7857142857142856
2020-06-30T00:00:00.000,Pierce,WA,Truck,0,0,0,142186,142186,0.0
2020-08-31T00:00:00.000,Asotin,WA,Truck,0,0,0,6666,6666,0.0
2020-08-31T00:00:00.000,Chesapeake,VA,Passenger,0,2,2,420,422,0.4739336492890995
2020-07-31T00:00:00.000,Nassau,FL,Passenger,1,0,1,33,34,2.941176470588235
2020-07-31T00:00:00.000,Norfolk,VA,Passenger,2,2,4,353,357,1.1204481792717087
2020-07-31T00:00:00.000,Nueces,TX,Passenger,1,0,1,80,81,1.234567901234568
2020-07-31T00:00:00.000,Palm Beach,FL,Passenger,0,1,1,75,76,1.3157894736842104
2020-09-30T00:00:00.000,Stevens,WA,Truck,0,0,0,18704,18704,0.0
2020-09-30T00:00:00.000,Suffolk,MA,Passenger,0,2,2,34,36,5.555555555555556
2020-10-31T00:00:00.000,Adams,WA,Passenger,8,7,15,12936,12951,0.1158211721102617
2020-10-31T00:00:00.000,Arapahoe,CO,Passenger,1,0,1,122,123,0.8130081300813008
2020-10-31T00:00:00.000,Asotin,WA,Truck,0,0,0,6684,6684,0.0
2020-05-31T00:00:00.000,Calvert,MD,Passenger,0,2,2,87,89,2.247191011235955
2020-05-31T00:00:00.000,Contra Costa,CA,Passenger,3,1,4,336,340,1.176470588235294
2020-05-31T00:00:00.000,Dallas,TX,Passenger,1,0,1,199,200,0.5
2020-05-31T00:00:00.000,Pierce,WA,Passenger,2353,1676,4029,547712,551741,0.7302339322254463
2020-05-31T00:00:00.000,Pierce,WA,Truck,0,0,0,141333,141333,0.0
2020-05-31T00:00:00.000,Pinellas,FL,Passenger,1,1,2,106,108,1.851851851851852
2020-05-31T00:00:00.000,Portsmouth,VA,Passenger,0,1,1,76,77,1.2987012987012987
2020-05-31T00:00:00.000,Putnam,TN,Passenger,0,1,1,3,4,25.0
2020-05-31T00:00:00.000,Santa Cruz,CA,Passenger,1,0,1,35,36,2.7777777777777777
2020-05-31T00:00:00.000,Skagit,WA,Passenger,400,216,616,91177,91793,0.671075136448313
2020-05-31T00:00:00.000,Skagit,WA,Truck,1,0,1,32390,32391,0.0030872773301225
2020-05-31T00:00:00.000,Snohomish,WA,Passenger,4403,1750,6153,533914,540067,1.139303086468901
2020-05-31T00:00:00.000,Spartanburg,SC,Passenger,0,1,1,42,43,2.325581395348837
2020-05-31T00:00:00.000,Spokane,WA,Passenger,721,478,1199,315075,316274,0.3791016650119832
2020-05-31T00:00:00.000,Twin Falls,ID,Passenger,0,1,1,24,25,4.0
2020-05-31T00:00:00.000,Vigo,IN,Passenger,1,0,1,5,6,16.666666666666664
2020-05-31T00:00:00.000,Wahkiakum,WA,Truck,0,0,0,1759,1759,0.0
2020-10-31T00:00:00.000,Bartow,GA,Passenger,0,1,1,2,3,33.33333333333333
2020-10-31T00:00:00.000,Chesapeake,VA,Passenger,0,3,3,411,414,0.7246376811594202
2020-10-31T00:00:00.000,Clackamas,OR,Passenger,2,0,2,182,184,1.0869565217391304
2020-10-31T00:00:00.000,DeKalb,GA,Passenger,1,0,1,72,73,1.36986301369863
2020-06-30T00:00:00.000,Clackamas,OR,Passenger,2,0,2,195,197,1.015228426395939
2020-06-30T00:00:00.000,Columbia,WA,Passenger,4,3,7,2415,2422,0.2890173410404624
2020-06-30T00:00:00.000,Contra Costa,CA,Passenger,3,2,5,331,336,1.488095238095238
2020-06-30T00:00:00.000,Cumberland,NC,Passenger,0,3,3,463,466,0.6437768240343347
2020-06-30T00:00:00.000,Douglas,NE,Passenger,0,1,1,54,55,1.818181818181818
2020-06-30T00:00:00.000,Fairbanks North Star,AK,Passenger,0,1,1,100,101,0.99009900990099
2020-06-30T00:00:00.000,Ferry,WA,Truck,0,0,0,3553,3553,0.0
2020-06-30T00:00:00.000,Franklin,WA,Passenger,60,76,136,60647,60783,0.2237467713011861
2020-06-30T00:00:00.000,Grays Harbor,WA,Passenger,106,111,217,48143,48360,0.4487179487179487
2020-08-31T00:00:00.000,Collin,TX,Passenger,1,1,2,118,120,1.6666666666666665
2020-08-31T00:00:00.000,Columbia,WA,Truck,0,0,0,1527,1527,0.0
2020-08-31T00:00:00.000,DeKalb,GA,Passenger,1,0,1,75,76,1.3157894736842104
2020-08-31T00:00:00.000,Franklin,WA,Truck,0,0,0,20189,20189,0.0
2020-08-31T00:00:00.000,Grays Harbor,WA,Truck,0,0,0,21031,21031,0.0
2020-07-31T00:00:00.000,Pinal,AZ,Passenger,1,0,1,175,176,0.5681818181818181
2020-07-31T00:00:00.000,Prince William,VA,Passenger,2,3,5,224,229,2.1834061135371177
2020-07-31T00:00:00.000,Rockingham,NH,Passenger,1,0,1,23,24,4.166666666666666
2020-07-31T00:00:00.000,Rogers,OK,Passenger,1,0,1,5,6,16.666666666666664
2020-07-31T00:00:00.000,Santa Cruz,CA,Passenger,1,0,1,32,33,3.0303030303030303
2020-07-31T00:00:00.000,Snohomish,WA,Passenger,4584,1777,6361,535649,542010,1.1735945831257724
2020-05-31T00:00:00.000,Ferry,WA,Passenger,5,3,8,4331,4339,0.1843742797879695
2020-05-31T00:00:00.000,Fort Bend,TX,Passenger,1,0,1,47,48,2.083333333333333
2020-05-31T00:00:00.000,Grant,WA,Truck,0,0,0,26987,26987,0.0
2020-05-31T00:00:00.000,Hennepin,MN,Passenger,3,0,3,86,89,3.3707865168539324
2020-05-31T00:00:00.000,Juneau,AK,Passenger,0,2,2,29,31,6.451612903225806
2020-06-30T00:00:00.000,Polk,FL,Passenger,1,0,1,65,66,1.5151515151515151
2020-06-30T00:00:00.000,Riverside,CA,Passenger,3,1,4,618,622,0.6430868167202572
2020-06-30T00:00:00.000,San Mateo,CA,Passenger,0,1,1,108,109,0.9174311926605504
2020-06-30T00:00:00.000,Shasta,CA,Passenger,1,0,1,36,37,2.7027027027027026
2020-06-30T00:00:00.000,Shelby,OH,Passenger,0,1,1,1,2,50.0
2020-06-30T00:00:00.000,Skagit,WA,Truck,1,0,1,32473,32474,0.003079386586192
2020-06-30T00:00:00.000,Stevens,WA,Passenger,36,33,69,30654,30723,0.2245874426325554
2020-06-30T00:00:00.000,Sumter,FL,Passenger,0,1,1,9,10,10.0
2020-06-30T00:00:00.000,Thurston,WA,Truck,0,0,0,55753,55753,0.0
2020-08-31T00:00:00.000,Chelan,WA,Passenger,248,80,328,54184,54512,0.6017023774581743
2020-08-31T00:00:00.000,Chelan,WA,Truck,0,0,0,22676,22676,0.0
2020-08-31T00:00:00.000,Clallam,WA,Passenger,239,171,410,49954,50364,0.8140735445953458
2020-08-31T00:00:00.000,Columbia,WA,Passenger,3,3,6,2423,2429,0.2470152326060107
2020-08-31T00:00:00.000,Cowlitz,WA,Passenger,152,120,272,72139,72411,0.3756335363411636
2020-08-31T00:00:00.000,Dakota,MN,Passenger,0,1,1,32,33,3.0303030303030303
2020-08-31T00:00:00.000,Fairbanks North Star,AK,Passenger,0,1,1,99,100,1.0
2020-08-31T00:00:00.000,Fairfax,VA,Passenger,4,3,7,749,756,0.925925925925926
2020-08-31T00:00:00.000,Flathead,MT,Passenger,1,0,1,54,55,1.818181818181818
2020-08-31T00:00:00.000,Harrison,MS,Passenger,1,0,1,56,57,1.7543859649122808
2020-07-31T00:00:00.000,Tulsa,OK,Passenger,1,1,2,41,43,4.651162790697674
2020-07-31T00:00:00.000,Wahkiakum,WA,Passenger,6,6,12,3001,3013,0.398274145370063
2020-07-31T00:00:00.000,Williams,ND,Passenger,0,1,1,11,12,8.333333333333332
2020-08-31T00:00:00.000,Asotin,WA,Passenger,17,14,31,12358,12389,0.2502219711033981
2020-08-31T00:00:00.000,Brevard,FL,Passenger,0,1,1,81,82,1.2195121951219512
2020-05-31T00:00:00.000,Washoe,NV,Passenger,1,0,1,102,103,0.9708737864077668
2020-05-31T00:00:00.000,Whatcom,WA,Truck,3,0,3,42852,42855,0.0070003500175008
2020-06-30T00:00:00.000,Adams,WA,Truck,0,0,0,5262,5262,0.0
2020-06-30T00:00:00.000,Asotin,WA,Passenger,16,12,28,12323,12351,0.2267022913124443
2020-06-30T00:00:00.000,Asotin,WA,Truck,0,0,0,6638,6638,0.0
2020-06-30T00:00:00.000,Chesapeake,VA,Passenger,0,2,2,422,424,0.4716981132075471
2020-06-30T00:00:00.000,Whatcom,WA,Truck,3,0,3,43014,43017,0.0069739870283841
2020-06-30T00:00:00.000,Williams,ND,Passenger,0,1,1,11,12,8.333333333333332
2020-07-31T00:00:00.000,Asotin,WA,Passenger,16,12,28,12380,12408,0.2256608639587362
2020-07-31T00:00:00.000,Broward,FL,Passenger,2,1,3,104,107,2.803738317757009
2020-07-31T00:00:00.000,Calvert,MD,Passenger,0,2,2,88,90,2.2222222222222223
2020-08-31T00:00:00.000,Jones,GA,Passenger,1,0,1,1,2,50.0
2020-08-31T00:00:00.000,Kern,CA,Passenger,0,1,1,221,222,0.4504504504504504
2020-08-31T00:00:00.000,Kitsap,WA,Passenger,1401,699,2100,179673,181773,1.1552870888415772
2020-08-31T00:00:00.000,Kittitas,WA,Truck,0,0,0,14555,14555,0.0
2020-08-31T00:00:00.000,Klickitat,WA,Truck,0,0,0,8105,8105,0.0
2020-08-31T00:00:00.000,Middlesex,MA,Passenger,1,1,2,95,97,2.061855670103093
2020-08-31T00:00:00.000,Monroe,IL,Passenger,1,0,1,4,5,20.0
2020-05-31T00:00:00.000,Kittitas,WA,Passenger,102,48,150,29780,29930,0.5011693952555963
2020-05-31T00:00:00.000,Larimer,CO,Passenger,1,0,1,51,52,1.9230769230769231
2020-05-31T00:00:00.000,Maui,HI,Passenger,1,0,1,32,33,3.0303030303030303
2020-05-31T00:00:00.000,Multnomah,OR,Passenger,4,7,11,709,720,1.5277777777777777
2020-05-31T00:00:00.000,Nassau,NY,Passenger,4,0,4,33,37,10.81081081081081
2020-05-31T00:00:00.000,New Haven,CT,Passenger,0,2,2,39,41,4.878048780487805
2020-05-31T00:00:00.000,Okanogan,WA,Passenger,34,33,67,25879,25946,0.2582286286903568
2020-05-31T00:00:00.000,Oldham,KY,Passenger,0,1,1,4,5,20.0
2020-06-30T00:00:00.000,Harrison,MS,Passenger,1,0,1,56,57,1.7543859649122808
2020-06-30T00:00:00.000,Hennepin,MN,Passenger,3,0,3,83,86,3.488372093023256
2020-06-30T00:00:00.000,Kittitas,WA,Passenger,99,47,146,29806,29952,0.4874465811965811
2020-06-30T00:00:00.000,Klamath,OR,Passenger,1,0,1,30,31,3.225806451612903
2020-06-30T00:00:00.000,Klickitat,WA,Passenger,53,41,94,15173,15267,0.6157070806314272
2020-06-30T00:00:00.000,Lewis,WA,Truck,0,0,0,26212,26212,0.0
2020-06-30T00:00:00.000,Los Angeles,CA,Passenger,7,11,18,986,1004,1.792828685258964
2020-06-30T00:00:00.000,Maricopa,AZ,Passenger,5,7,12,1378,1390,0.8633093525179856
2020-06-30T00:00:00.000,DuPage,IL,Passenger,3,0,3,56,59,5.084745762711864
2020-06-30T00:00:00.000,El Paso,CO,Passenger,2,0,2,709,711,0.2812939521800281
2020-06-30T00:00:00.000,Erie,NY,Passenger,1,0,1,42,43,2.325581395348837
2020-06-30T00:00:00.000,Franklin,WA,Truck,0,0,0,19974,19974,0.0
2020-06-30T00:00:00.000,Guadalupe,TX,Passenger,1,0,1,63,64,1.5625
2020-08-31T00:00:00.000,Island,WA,Passenger,433,273,706,62824,63530,1.1112860066110497
2020-08-31T00:00:00.000,Island,WA,Truck,1,0,1,21232,21233,0.0047096500729995
2020-08-31T00:00:00.000,Klickitat,WA,Passenger,57,42,99,15044,15143,0.6537674172885161
2020-08-31T00:00:00.000,Kootenai,ID,Passenger,1,0,1,206,207,0.4830917874396135
2020-08-31T00:00:00.000,Montgomery,OH,Passenger,0,1,1,46,47,2.1276595744680846
2020-10-31T00:00:00.000,Ferry,WA,Passenger,8,3,11,4351,4362,0.2521779000458505
2020-10-31T00:00:00.000,Franklin,WA,Passenger,73,78,151,61107,61258,0.2464984165333507
2020-10-31T00:00:00.000,Franklin,WA,Truck,0,0,0,20376,20376,0.0
2020-10-31T00:00:00.000,Hennepin,MN,Passenger,2,0,2,81,83,2.4096385542168677
2020-10-31T00:00:00.000,Howard,MD,Passenger,0,1,1,61,62,1.6129032258064515
2020-10-31T00:00:00.000,Kern,CA,Passenger,0,1,1,219,220,0.4545454545454545
2020-10-31T00:00:00.000,Kitsap,WA,Passenger,1465,730,2195,179752,181947,1.2063952689519477
2020-10-31T00:00:00.000,Kittitas,WA,Passenger,121,50,171,29704,29875,0.5723849372384937
2020-10-31T00:00:00.000,Kittitas,WA,Truck,0,0,0,14626,14626,0.0
2020-10-31T00:00:00.000,Klamath,OR,Passenger,1,0,1,29,30,3.333333333333333
2020-06-30T00:00:00.000,Montgomery,PA,Passenger,1,0,1,30,31,3.225806451612903
2020-06-30T00:00:00.000,Prince George's,MD,Passenger,1,1,2,162,164,1.2195121951219512
2020-06-30T00:00:00.000,Randolph,NC,Passenger,1,0,1,7,8,12.5
2020-08-31T00:00:00.000,Denver,CO,Passenger,1,0,1,111,112,0.8928571428571428
2020-08-31T00:00:00.000,Douglas,WA,Truck,0,0,0,12338,12338,0.0
2020-08-31T00:00:00.000,El Paso,CO,Passenger,2,0,2,702,704,0.284090909090909
2020-08-31T00:00:00.000,El Paso,TX,Passenger,3,0,3,410,413,0.7263922518159805
2020-08-31T00:00:00.000,Garfield,WA,Truck,0,0,0,994,994,0.0
2020-08-31T00:00:00.000,Guadalupe,TX,Passenger,1,0,1,59,60,1.6666666666666665
2020-08-31T00:00:00.000,Gwinnett,GA,Passenger,1,0,1,75,76,1.3157894736842104
2020-05-31T00:00:00.000,Sacramento,CA,Passenger,1,0,1,263,264,0.3787878787878787
2020-05-31T00:00:00.000,San Francisco,CA,Passenger,1,1,2,92,94,2.1276595744680846
2020-05-31T00:00:00.000,Santa Clara,CA,Passenger,6,2,8,302,310,2.5806451612903225
2020-05-31T00:00:00.000,Shelby,TN,Passenger,0,1,1,86,87,1.1494252873563218
2020-05-31T00:00:00.000,Skamania,WA,Truck,0,0,0,4028,4028,0.0
2020-05-31T00:00:00.000,St. Clair,IL,Passenger,1,0,1,141,142,0.704225352112676
2020-07-31T00:00:00.000,Chelan,WA,Passenger,240,82,322,54239,54561,0.5901651362694965
2020-07-31T00:00:00.000,Clallam,WA,Passenger,237,169,406,50063,50469,0.8044542194218232
2020-07-31T00:00:00.000,Denton,TX,Passenger,1,0,1,84,85,1.176470588235294
2020-07-31T00:00:00.000,El Paso,CO,Passenger,2,0,2,710,712,0.2808988764044943
2020-07-31T00:00:00.000,Fairfax,VA,Passenger,4,3,7,742,749,0.9345794392523364
2020-10-31T00:00:00.000,Larimer,CO,Passenger,1,0,1,51,52,1.9230769230769231
2020-10-31T00:00:00.000,Lincoln,WA,Passenger,5,10,15,7616,7631,0.1965666360896343
2020-10-31T00:00:00.000,Loudoun,VA,Passenger,1,0,1,80,81,1.234567901234568
2020-10-31T00:00:00.000,Montgomery,PA,Passenger,1,0,1,25,26,3.8461538461538463
2020-10-31T00:00:00.000,New London,CT,Passenger,1,2,3,246,249,1.2048192771084336
2020-10-31T00:00:00.000,Orange,CA,Passenger,5,3,8,461,469,1.7057569296375266
2020-08-31T00:00:00.000,Montgomery,TX,Passenger,1,0,1,49,50,2.0
2020-08-31T00:00:00.000,Moore,NC,Passenger,0,2,2,155,157,1.2738853503184713
2020-08-31T00:00:00.000,New London,CT,Passenger,1,2,3,248,251,1.195219123505976
2020-08-31T00:00:00.000,Okaloosa,FL,Passenger,0,1,1,140,141,0.7092198581560283
2020-08-31T00:00:00.000,Orange,CA,Passenger,6,2,8,478,486,1.6460905349794237
2020-08-31T00:00:00.000,Pacific,WA,Truck,0,0,0,7725,7725,0.0
2020-08-31T00:00:00.000,Pend Oreille,WA,Truck,0,0,0,5750,5750,0.0
2020-08-31T00:00:00.000,Pima,AZ,Passenger,3,1,4,333,337,1.1869436201780417
2020-08-31T00:00:00.000,Placer,CA,Passenger,1,0,1,80,81,1.234567901234568
2020-08-31T00:00:00.000,Ramsey,MN,Passenger,1,0,1,39,40,2.5
2020-08-31T00:00:00.000,Riverside,CA,Passenger,3,0,3,609,612,0.4901960784313725
2020-08-31T00:00:00.000,Saginaw,MI,Passenger,1,0,1,9,10,10.0
2020-08-31T00:00:00.000,San Juan,WA,Truck,0,0,0,5836,5836,0.0
2020-06-30T00:00:00.000,Jefferson,CO,Passenger,0,1,1,62,63,1.5873015873015872
2020-06-30T00:00:00.000,Jones,GA,Passenger,1,0,1,1,2,50.0
2020-06-30T00:00:00.000,Kern,CA,Passenger,0,1,1,225,226,0.4424778761061946
2020-06-30T00:00:00.000,Kitsap,WA,Truck,0,0,0,54080,54080,0.0
2020-06-30T00:00:00.000,Kittitas,WA,Truck,0,0,0,14588,14588,0.0
2020-06-30T00:00:00.000,Lewis,WA,Passenger,102,111,213,58179,58392,0.3647759967118783
2020-07-31T00:00:00.000,Grant,WA,Truck,0,0,0,27180,27180,0.0
2020-07-31T00:00:00.000,Juneau,AK,Passenger,0,1,1,29,30,3.333333333333333
2020-07-31T00:00:00.000,King,WA,Truck,7,1,8,182978,182986,0.0043719191632146
2020-07-31T00:00:00.000,Lee,FL,Passenger,1,0,1,45,46,2.1739130434782608
2020-08-31T00:00:00.000,Jefferson,WA,Passenger,249,144,393,24655,25048,1.5689875439156817
2020-08-31T00:00:00.000,King,WA,Truck,5,1,6,183339,183345,0.0032725190215168
2020-08-31T00:00:00.000,Lake,FL,Passenger,1,0,1,22,23,4.3478260869565215
2020-08-31T00:00:00.000,Lincoln,WA,Passenger,5,11,16,7632,7648,0.209205020920502
2020-07-31T00:00:00.000,New Haven,CT,Passenger,0,2,2,36,38,5.263157894736842
2020-07-31T00:00:00.000,Oldham,KY,Passenger,0,1,1,4,5,20.0
2020-07-31T00:00:00.000,Owyhee,ID,Passenger,1,0,1,3,4,25.0
2020-07-31T00:00:00.000,RÃ­o Grande,PR,Passenger,1,0,1,1,2,50.0
2020-06-30T00:00:00.000,San Juan,WA,Passenger,302,93,395,13968,14363,2.7501218408410497
2020-06-30T00:00:00.000,Santa Clara,CA,Passenger,6,2,8,297,305,2.6229508196721314
2020-06-30T00:00:00.000,Sedgwick,KS,Passenger,1,1,2,89,91,2.1978021978021975
2020-06-30T00:00:00.000,Snohomish,WA,Truck,0,0,0,123946,123946,0.0
2020-06-30T00:00:00.000,Solano,CA,Passenger,1,0,1,216,217,0.4608294930875576
2020-06-30T00:00:00.000,Spokane,WA,Truck,1,0,1,98342,98343,0.0010168491910964
2020-06-30T00:00:00.000,Thurston,WA,Passenger,1145,735,1880,196942,198822,0.9455694037883132
2020-06-30T00:00:00.000,Washtenaw,MI,Passenger,1,0,1,32,33,3.0303030303030303
2020-08-31T00:00:00.000,New York,NY,Passenger,1,0,1,59,60,1.6666666666666665
2020-08-31T00:00:00.000,Pierce,WA,Passenger,2521,1704,4225,552635,556860,0.7587185288941565
2020-08-31T00:00:00.000,Pierce,WA,Truck,0,0,0,143420,143420,0.0
2020-08-31T00:00:00.000,Pinellas,FL,Passenger,1,1,2,102,104,1.9230769230769231
2020-08-31T00:00:00.000,Polk,FL,Passenger,1,0,1,62,63,1.5873015873015872
2020-08-31T00:00:00.000,Portsmouth,VA,Passenger,0,1,1,75,76,1.3157894736842104
2020-08-31T00:00:00.000,Prince George's,MD,Passenger,2,1,3,152,155,1.9354838709677415
2020-08-31T00:00:00.000,Randolph,NC,Passenger,1,0,1,8,9,11.111111111111112
2020-08-31T00:00:00.000,San Mateo,CA,Passenger,0,1,1,103,104,0.9615384615384616
2020-08-31T00:00:00.000,Shelby,OH,Passenger,0,1,1,1,2,50.0
2020-08-31T00:00:00.000,Skagit,WA,Passenger,432,222,654,91263,91917,0.7115114723065374
2020-08-31T00:00:00.000,Skagit,WA,Truck,1,0,1,32637,32638,0.0030639132299773
2020-08-31T00:00:00.000,Spokane,WA,Passenger,781,504,1285,317546,318831,0.4030348366375917
2020-05-31T00:00:00.000,Travis,TX,Passenger,2,1,3,176,179,1.6759776536312847
2020-05-31T00:00:00.000,Walla Walla,WA,Passenger,70,62,132,35828,35960,0.3670745272525027
2020-05-31T00:00:00.000,Walla Walla,WA,Truck,0,0,0,13669,13669,0.0
2020-05-31T00:00:00.000,Whitman,WA,Passenger,45,48,93,22177,22270,0.4176021553659631
2020-05-31T00:00:00.000,Yakima,WA,Truck,0,0,0,59579,59579,0.0
2020-06-30T00:00:00.000,,,Passenger,5,1,6,361,367,1.6348773841961852
2020-06-30T00:00:00.000,Brevard,FL,Passenger,0,1,1,82,83,1.2048192771084336
2020-08-31T00:00:00.000,Stafford,VA,Passenger,1,1,2,88,90,2.2222222222222223
2020-08-31T00:00:00.000,Suffolk,VA,Passenger,1,0,1,120,121,0.8264462809917354
2020-08-31T00:00:00.000,Valencia,NM,Passenger,1,0,1,6,7,14.285714285714285
2020-08-31T00:00:00.000,Ventura,CA,Passenger,1,2,3,286,289,1.0380622837370241
2020-08-31T00:00:00.000,Yakima,WA,Passenger,146,122,268,166150,166418,0.1610402720859522
2020-09-30T00:00:00.000,Adams,WA,Passenger,8,7,15,12918,12933,0.1159823706796566
2020-09-30T00:00:00.000,Arapahoe,CO,Passenger,1,0,1,127,128,0.78125
2020-09-30T00:00:00.000,Arlington,VA,Passenger,0,2,2,144,146,1.36986301369863
2020-07-31T00:00:00.000,Alexandria,VA,Passenger,2,0,2,138,140,1.4285714285714284
2020-07-31T00:00:00.000,Collin,TX,Passenger,1,1,2,118,120,1.6666666666666665
2020-06-30T00:00:00.000,Montgomery,TX,Passenger,1,0,1,50,51,1.96078431372549
2020-06-30T00:00:00.000,New London,CT,Passenger,1,2,3,254,257,1.1673151750972761
2020-06-30T00:00:00.000,Nueces,TX,Passenger,1,0,1,79,80,1.25
2020-06-30T00:00:00.000,Owyhee,ID,Passenger,1,0,1,3,4,25.0
2020-06-30T00:00:00.000,Portsmouth,VA,Passenger,0,1,1,77,78,1.282051282051282
2020-06-30T00:00:00.000,Richland,SC,Passenger,0,1,1,161,162,0.6172839506172839
2020-06-30T00:00:00.000,Saginaw,MI,Passenger,1,0,1,10,11,9.090909090909092
2020-06-30T00:00:00.000,San Juan,WA,Truck,0,0,0,5852,5852,0.0
2020-08-31T00:00:00.000,Montgomery,PA,Passenger,1,0,1,27,28,3.5714285714285716
2020-08-31T00:00:00.000,Owyhee,ID,Passenger,1,0,1,3,4,25.0
2020-08-31T00:00:00.000,Pacific,WA,Passenger,32,33,65,15711,15776,0.4120182555780933
2020-08-31T00:00:00.000,Palm Beach,FL,Passenger,0,1,1,74,75,1.3333333333333333
2020-08-31T00:00:00.000,Penobscot,ME,Passenger,0,1,1,14,15,6.666666666666666
2020-08-31T00:00:00.000,Pinal,AZ,Passenger,1,0,1,176,177,0.5649717514124293
2020-08-31T00:00:00.000,Prince William,VA,Passenger,2,2,4,224,228,1.7543859649122808
2020-08-31T00:00:00.000,Queens,NY,Passenger,1,0,1,49,50,2.0
2020-08-31T00:00:00.000,Rockingham,NH,Passenger,1,0,1,23,24,4.166666666666666
2020-08-31T00:00:00.000,Rogers,OK,Passenger,1,0,1,5,6,16.666666666666664
2020-10-31T00:00:00.000,Riverside,CA,Passenger,4,1,5,601,606,0.825082508250825
2020-10-31T00:00:00.000,Sacramento,CA,Passenger,1,0,1,241,242,0.4132231404958677
2020-10-31T00:00:00.000,Salt Lake,UT,Passenger,0,2,2,170,172,1.1627906976744187
2020-10-31T00:00:00.000,San Juan,WA,Passenger,340,103,443,13971,14414,3.0734008602747327
2020-10-31T00:00:00.000,San Juan,WA,Truck,0,0,0,5862,5862,0.0
2020-10-31T00:00:00.000,Santa Clara,CA,Passenger,4,2,6,268,274,2.18978102189781
2020-10-31T00:00:00.000,Solano,CA,Passenger,1,0,1,211,212,0.4716981132075471
2020-10-31T00:00:00.000,Stafford,VA,Passenger,1,1,2,91,93,2.150537634408602
2020-10-31T00:00:00.000,Suffolk,VA,Passenger,1,0,1,121,122,0.8196721311475409
2020-10-31T00:00:00.000,Sumter,FL,Passenger,0,1,1,10,11,9.090909090909092
2020-10-31T00:00:00.000,Thurston,WA,Truck,0,0,0,56322,56322,0.0
2020-10-31T00:00:00.000,Travis,TX,Passenger,2,1,3,164,167,1.7964071856287425
2020-07-31T00:00:00.000,Cowlitz,WA,Passenger,146,117,263,72243,72506,0.3627286017708879
2020-07-31T00:00:00.000,Dallas,TX,Passenger,1,0,1,189,190,0.5263157894736842
2020-07-31T00:00:00.000,Flathead,MT,Passenger,1,0,1,54,55,1.818181818181818
2020-07-31T00:00:00.000,Fort Bend,TX,Passenger,1,0,1,46,47,2.1276595744680846
2020-07-31T00:00:00.000,Hamilton,IN,Passenger,1,0,1,40,41,2.4390243902439024
2020-07-31T00:00:00.000,Harris,TX,Passenger,1,0,1,219,220,0.4545454545454545
2020-08-31T00:00:00.000,St. Louis,MO,Passenger,1,0,1,97,98,1.020408163265306
2020-08-31T00:00:00.000,Stevens,WA,Truck,0,0,0,18653,18653,0.0
2020-08-31T00:00:00.000,Utah,UT,Passenger,0,1,1,126,127,0.7874015748031497
2020-08-31T00:00:00.000,Whitman,WA,Truck,0,0,0,8483,8483,0.0
2020-08-31T00:00:00.000,Williamson,TX,Passenger,0,1,1,124,125,0.8
2020-09-30T00:00:00.000,Allegheny,PA,Passenger,1,0,1,65,66,1.5151515151515151
2020-09-30T00:00:00.000,Bartow,GA,Passenger,0,1,1,2,3,33.33333333333333
2020-09-30T00:00:00.000,Bradley,TN,Passenger,1,0,1,1,2,50.0
2020-09-30T00:00:00.000,Bucks,PA,Passenger,1,0,1,19,20,5.0
2020-09-30T00:00:00.000,Cape May,NJ,Passenger,0,1,1,11,12,8.333333333333332
2020-09-30T00:00:00.000,Charleston,SC,Passenger,2,0,2,93,95,2.1052631578947367
2020-09-30T00:00:00.000,Clallam,WA,Passenger,245,173,418,49893,50311,0.8308322235693983
2020-09-30T00:00:00.000,Clark,WA,Passenger,2174,1096,3270,318462,321732,1.016373876394017
2020-09-30T00:00:00.000,DeKalb,GA,Passenger,1,0,1,75,76,1.3157894736842104
2020-06-30T00:00:00.000,Camden,NJ,Passenger,0,1,1,21,22,4.545454545454546
2020-06-30T00:00:00.000,Clark,NV,Passenger,2,3,5,677,682,0.7331378299120234
2020-06-30T00:00:00.000,Collin,TX,Passenger,1,1,2,117,119,1.680672268907563
2020-06-30T00:00:00.000,Columbia,WA,Truck,0,0,0,1533,1533,0.0
2020-06-30T00:00:00.000,Denver,CO,Passenger,1,0,1,115,116,0.8620689655172413
2020-06-30T00:00:00.000,Deschutes,OR,Passenger,3,0,3,130,133,2.255639097744361
2020-06-30T00:00:00.000,Douglas,WA,Truck,0,0,0,12307,12307,0.0
2020-06-30T00:00:00.000,Duval,FL,Passenger,0,2,2,361,363,0.5509641873278236
2020-08-31T00:00:00.000,Spokane,WA,Truck,1,0,1,99459,99460,0.0010054293183189
2020-08-31T00:00:00.000,Stevens,WA,Passenger,35,36,71,30495,30566,0.2322842373879473
2020-08-31T00:00:00.000,Whatcom,WA,Truck,3,0,3,43284,43287,0.006930487213251
2020-09-30T00:00:00.000,Adams,WA,Truck,0,0,0,5308,5308,0.0
2020-09-30T00:00:00.000,Alameda,CA,Passenger,2,0,2,262,264,0.7575757575757575
2020-09-30T00:00:00.000,Asotin,WA,Truck,0,0,0,6692,6692,0.0
2020-06-30T00:00:00.000,Snohomish,WA,Passenger,4435,1767,6202,534579,540781,1.1468598194093356
2020-06-30T00:00:00.000,Spokane,WA,Passenger,730,486,1216,315509,316725,0.3839292761859657
2020-06-30T00:00:00.000,St. Louis,MO,Passenger,1,0,1,97,98,1.020408163265306
2020-06-30T00:00:00.000,Stafford,VA,Passenger,1,1,2,89,91,2.1978021978021975
2020-06-30T00:00:00.000,Suffolk,VA,Passenger,1,0,1,122,123,0.8130081300813008
2020-06-30T00:00:00.000,Valencia,NM,Passenger,1,0,1,5,6,16.666666666666664
2020-06-30T00:00:00.000,Ventura,CA,Passenger,1,2,3,287,290,1.0344827586206895
2020-06-30T00:00:00.000,Whitman,WA,Truck,0,0,0,8511,8511,0.0
2020-06-30T00:00:00.000,Williamson,TX,Passenger,0,1,1,133,134,0.746268656716418
2020-07-31T00:00:00.000,Shelby,OH,Passenger,0,1,1,1,2,50.0
2020-07-31T00:00:00.000,Skamania,WA,Passenger,31,19,50,8430,8480,0.5896226415094339
2020-07-31T00:00:00.000,Spokane,WA,Passenger,753,490,1243,316493,317736,0.3912052773371604
2020-07-31T00:00:00.000,St. Clair,IL,Passenger,1,0,1,140,141,0.7092198581560283
2020-07-31T00:00:00.000,St. Louis,MO,Passenger,1,0,1,98,99,1.01010101010101
2020-07-31T00:00:00.000,Walla Walla,WA,Passenger,77,65,142,35912,36054,0.3938536639485216
2020-07-31T00:00:00.000,Yakima,WA,Truck,0,0,0,60209,60209,0.0
2020-08-31T00:00:00.000,Adams,WA,Truck,0,0,0,5302,5302,0.0
2020-08-31T00:00:00.000,Alameda,CA,Passenger,2,0,2,265,267,0.749063670411985
2020-08-31T00:00:00.000,Anne Arundel,MD,Passenger,0,1,1,394,395,0.2531645569620253
2020-10-31T00:00:00.000,Ventura,CA,Passenger,1,1,2,279,281,0.7117437722419928
2020-10-31T00:00:00.000,Whitman,WA,Passenger,50,46,96,21987,22083,0.4347235429968754
2020-11-30T00:00:00.000,,,Passenger,4,1,5,341,346,1.445086705202312
2020-11-30T00:00:00.000,Bartow,GA,Passenger,0,1,1,2,3,33.33333333333333
2020-11-30T00:00:00.000,Bell,TX,Passenger,0,1,1,397,398,0.2512562814070351
2020-11-30T00:00:00.000,Boulder,CO,Passenger,0,1,1,43,44,2.272727272727273
2020-11-30T00:00:00.000,Bucks,PA,Passenger,1,0,1,18,19,5.263157894736842
2020-09-30T00:00:00.000,Anne Arundel,MD,Passenger,1,1,2,394,396,0.505050505050505
2020-09-30T00:00:00.000,Bell,TX,Passenger,0,1,1,405,406,0.2463054187192118
2020-09-30T00:00:00.000,Benton,WA,Truck,0,0,0,43091,43091,0.0
2020-09-30T00:00:00.000,Carson City,NV,Passenger,1,0,1,11,12,8.333333333333332
2020-09-30T00:00:00.000,Clackamas,OR,Passenger,2,0,2,181,183,1.092896174863388
2020-09-30T00:00:00.000,Cumberland,NC,Passenger,0,3,3,459,462,0.6493506493506493
2020-06-30T00:00:00.000,Gwinnett,GA,Passenger,1,0,1,76,77,1.2987012987012987
2020-06-30T00:00:00.000,Jefferson,WA,Passenger,236,139,375,24800,25175,1.4895729890764648
2020-06-30T00:00:00.000,Lake,FL,Passenger,1,0,1,22,23,4.3478260869565215
2020-07-31T00:00:00.000,Island,WA,Passenger,429,272,701,62883,63584,1.1024786109713136
2020-07-31T00:00:00.000,Jefferson,WA,Truck,0,0,0,9545,9545,0.0
2020-07-31T00:00:00.000,Jones,GA,Passenger,1,0,1,1,2,50.0
2020-07-31T00:00:00.000,Mason,WA,Passenger,160,134,294,47385,47679,0.6166236707984647
2020-08-31T00:00:00.000,Carroll,NH,Passenger,0,1,1,5,6,16.666666666666664
2020-08-31T00:00:00.000,Charles,MD,Passenger,1,1,2,75,77,2.5974025974025974
2020-08-31T00:00:00.000,Clark,WA,Truck,0,0,0,82710,82710,0.0
2020-08-31T00:00:00.000,Clay,FL,Passenger,0,1,1,81,82,1.2195121951219512
2020-08-31T00:00:00.000,Denton,TX,Passenger,1,0,1,85,86,1.1627906976744187
2020-08-31T00:00:00.000,Douglas,NE,Passenger,0,1,1,51,52,1.9230769230769231
2020-08-31T00:00:00.000,DuPage,IL,Passenger,3,0,3,55,58,5.172413793103448
2020-09-30T00:00:00.000,District of Columbia,DC,Passenger,2,1,3,189,192,1.5625
2020-09-30T00:00:00.000,Fairfax,VA,Passenger,4,3,7,738,745,0.9395973154362416
2020-09-30T00:00:00.000,Ferry,WA,Passenger,8,3,11,4305,4316,0.2548656163113994
2020-09-30T00:00:00.000,Fresno,CA,Passenger,1,0,1,177,178,0.5617977528089887
2020-09-30T00:00:00.000,Grant,WA,Truck,0,0,0,27306,27306,0.0
2020-09-30T00:00:00.000,Howard,IN,Passenger,0,1,1,3,4,25.0
2020-09-30T00:00:00.000,Howard,MD,Passenger,0,1,1,63,64,1.5625
2020-09-30T00:00:00.000,Carroll,MD,Passenger,0,1,1,22,23,4.3478260869565215
2020-09-30T00:00:00.000,Charles,MD,Passenger,1,1,2,75,77,2.5974025974025974
2020-09-30T00:00:00.000,Clallam,WA,Truck,1,0,1,21776,21777,0.0045920007347201
2020-09-30T00:00:00.000,DuPage,IL,Passenger,3,0,3,53,56,5.357142857142857
2020-09-30T00:00:00.000,Erie,NY,Passenger,1,0,1,44,45,2.2222222222222223
2020-09-30T00:00:00.000,Franklin,WA,Truck,0,0,0,20291,20291,0.0
2020-09-30T00:00:00.000,Garfield,WA,Passenger,0,1,1,1351,1352,0.0739644970414201
2020-08-31T00:00:00.000,Erie,NY,Passenger,1,0,1,43,44,2.272727272727273
2020-08-31T00:00:00.000,Greene,MO,Passenger,0,1,1,32,33,3.0303030303030303
2020-08-31T00:00:00.000,Jefferson,CO,Passenger,0,1,1,59,60,1.6666666666666665
2020-08-31T00:00:00.000,Kitsap,WA,Truck,0,0,0,54189,54189,0.0
2020-07-31T00:00:00.000,Allegheny,PA,Passenger,1,0,1,69,70,1.4285714285714284
2020-07-31T00:00:00.000,Benton,WA,Passenger,373,321,694,134329,135023,0.513986506002681
2020-07-31T00:00:00.000,Brevard,FL,Passenger,0,1,1,84,85,1.176470588235294
2020-07-31T00:00:00.000,Carroll,NH,Passenger,0,1,1,4,5,20.0
2020-07-31T00:00:00.000,Carson City,NV,Passenger,1,0,1,11,12,8.333333333333332
2020-07-31T00:00:00.000,Cascade,MT,Passenger,0,1,1,56,57,1.7543859649122808
2020-07-31T00:00:00.000,Columbia,WA,Passenger,4,3,7,2418,2425,0.2886597938144329
2020-07-31T00:00:00.000,Cowlitz,WA,Truck,0,0,0,28883,28883,0.0
2020-07-31T00:00:00.000,Cumberland,NC,Passenger,0,3,3,464,467,0.6423982869379014
2020-07-31T00:00:00.000,Dakota,MN,Passenger,0,1,1,31,32,3.125
2020-11-30T00:00:00.000,Cape May,NJ,Passenger,0,1,1,10,11,9.090909090909092
2020-11-30T00:00:00.000,Clackamas,OR,Passenger,2,0,2,178,180,1.1111111111111112
2020-11-30T00:00:00.000,Clark,NV,Passenger,3,3,6,652,658,0.911854103343465
2020-11-30T00:00:00.000,Contra Costa,CA,Passenger,4,2,6,302,308,1.948051948051948
2020-11-30T00:00:00.000,Denton,TX,Passenger,1,0,1,81,82,1.2195121951219512
2020-11-30T00:00:00.000,Deschutes,OR,Passenger,1,0,1,119,120,0.8333333333333333
2020-11-30T00:00:00.000,Douglas,WA,Passenger,82,43,125,28135,28260,0.4423213021939136
2020-11-30T00:00:00.000,Duval,FL,Passenger,0,2,2,356,358,0.5586592178770949
2020-11-30T00:00:00.000,Ferry,WA,Truck,0,0,0,3597,3597,0.0
2020-06-30T00:00:00.000,Okaloosa,FL,Passenger,0,1,1,136,137,0.72992700729927
2020-06-30T00:00:00.000,Pacific,WA,Passenger,33,33,66,15757,15823,0.4171143272451494
2020-06-30T00:00:00.000,Pacific,WA,Truck,0,0,0,7700,7700,0.0
2020-06-30T00:00:00.000,Palm Beach,FL,Passenger,0,1,1,74,75,1.3333333333333333
2020-06-30T00:00:00.000,Pinal,AZ,Passenger,1,0,1,179,180,0.5555555555555555
2020-06-30T00:00:00.000,Powhatan,VA,Passenger,1,0,1,0,1,100.0
2020-06-30T00:00:00.000,Prince William,VA,Passenger,2,3,5,222,227,2.2026431718061676
2020-06-30T00:00:00.000,Richmond,GA,Passenger,0,1,1,89,90,1.1111111111111112
2020-06-30T00:00:00.000,Rockingham,NH,Passenger,1,0,1,24,25,4.0
2020-06-30T00:00:00.000,Rogers,OK,Passenger,1,0,1,6,7,14.285714285714285
2020-09-30T00:00:00.000,Kitsap,WA,Passenger,1427,713,2140,179693,181833,1.1769040823172912
2020-09-30T00:00:00.000,Klickitat,WA,Truck,0,0,0,8105,8105,0.0
2020-09-30T00:00:00.000,Larimer,CO,Passenger,1,0,1,52,53,1.8867924528301887
2020-09-30T00:00:00.000,Leavenworth,KS,Passenger,0,1,1,131,132,0.7575757575757575
2020-09-30T00:00:00.000,Monroe,IL,Passenger,1,0,1,3,4,25.0
2020-09-30T00:00:00.000,Montgomery,OH,Passenger,0,1,1,46,47,2.1276595744680846
2020-09-30T00:00:00.000,Moore,NC,Passenger,0,1,1,157,158,0.6329113924050632
2020-07-31T00:00:00.000,Montgomery,TX,Passenger,1,0,1,50,51,1.96078431372549
2020-07-31T00:00:00.000,Multnomah,OR,Passenger,4,7,11,694,705,1.5602836879432624
2020-07-31T00:00:00.000,Newport,RI,Passenger,1,0,1,81,82,1.2195121951219512
2020-07-31T00:00:00.000,Pacific,WA,Truck,0,0,0,7715,7715,0.0
2020-07-31T00:00:00.000,Pend Oreille,WA,Truck,0,0,0,5765,5765,0.0
2020-07-31T00:00:00.000,Pierce,WA,Passenger,2469,1697,4166,551597,555763,0.7496000993229128
2020-07-31T00:00:00.000,Placer,CA,Passenger,1,0,1,81,82,1.2195121951219512
2020-07-31T00:00:00.000,Portsmouth,VA,Passenger,0,1,1,75,76,1.3157894736842104
2020-07-31T00:00:00.000,Ramsey,MN,Passenger,1,0,1,40,41,2.4390243902439024
2020-07-31T00:00:00.000,Saginaw,MI,Passenger,1,0,1,10,11,9.090909090909092
2020-07-31T00:00:00.000,San Francisco,CA,Passenger,2,1,3,87,90,3.333333333333333
2020-09-30T00:00:00.000,Douglas,NE,Passenger,0,1,1,50,51,1.96078431372549
2020-09-30T00:00:00.000,Ferry,WA,Truck,0,0,0,3580,3580,0.0
2020-09-30T00:00:00.000,Franklin,WA,Passenger,68,76,144,60931,61075,0.2357756856324191
2020-09-30T00:00:00.000,Goochland,VA,Passenger,3,2,5,235,240,2.083333333333333
2020-09-30T00:00:00.000,Grays Harbor,WA,Passenger,115,116,231,48481,48712,0.4742157989817704
2020-09-30T00:00:00.000,Greene,MO,Passenger,0,1,1,31,32,3.125
2020-09-30T00:00:00.000,Hamilton,IN,Passenger,1,0,1,37,38,2.631578947368421
2020-09-30T00:00:00.000,Harris,TX,Passenger,1,0,1,221,222,0.4504504504504504
2020-09-30T00:00:00.000,Honolulu,HI,Passenger,5,1,6,427,433,1.3856812933025404
2020-09-30T00:00:00.000,Jefferson,CO,Passenger,0,1,1,58,59,1.694915254237288
2020-09-30T00:00:00.000,Jones,GA,Passenger,1,0,1,1,2,50.0
2020-09-30T00:00:00.000,Kern,CA,Passenger,0,1,1,223,224,0.4464285714285714
2020-09-30T00:00:00.000,Kitsap,WA,Truck,0,0,0,54203,54203,0.0
2020-09-30T00:00:00.000,Lake,IL,Passenger,1,0,1,169,170,0.588235294117647
2020-09-30T00:00:00.000,Lewis,WA,Passenger,111,117,228,58310,58538,0.3894905873108066
2020-09-30T00:00:00.000,Loudoun,VA,Passenger,1,0,1,82,83,1.2048192771084336
2020-08-31T00:00:00.000,Lee,FL,Passenger,1,0,1,43,44,2.272727272727273
2020-08-31T00:00:00.000,Loudoun,VA,Passenger,1,0,1,82,83,1.2048192771084336
2020-08-31T00:00:00.000,Pend Oreille,WA,Passenger,8,5,13,9229,9242,0.1406621943302315
2020-08-31T00:00:00.000,RÃ­o Grande,PR,Passenger,1,0,1,1,2,50.0
2020-06-30T00:00:00.000,Stevens,WA,Truck,0,0,0,18645,18645,0.0
2020-06-30T00:00:00.000,Suffolk,MA,Passenger,0,2,2,35,37,5.405405405405404
2020-06-30T00:00:00.000,Utah,UT,Passenger,0,1,1,127,128,0.78125
2020-11-30T00:00:00.000,Grant,WA,Truck,0,0,0,27424,27424,0.0
2020-11-30T00:00:00.000,Hennepin,MN,Passenger,2,0,2,81,83,2.4096385542168677
2020-11-30T00:00:00.000,Howard,IN,Passenger,0,1,1,3,4,25.0
2020-11-30T00:00:00.000,Kittitas,WA,Passenger,125,53,178,29746,29924,0.5948402619970592
2020-09-30T00:00:00.000,Manassas,VA,Passenger,0,1,1,4,5,20.0
2020-09-30T00:00:00.000,Montgomery,TX,Passenger,1,0,1,47,48,2.083333333333333
2020-09-30T00:00:00.000,New London,CT,Passenger,1,2,3,246,249,1.2048192771084336
2020-09-30T00:00:00.000,Nueces,TX,Passenger,1,0,1,83,84,1.1904761904761905
2020-07-31T00:00:00.000,Douglas,NE,Passenger,0,1,1,52,53,1.8867924528301887
2020-07-31T00:00:00.000,Fairbanks North Star,AK,Passenger,0,1,1,99,100,1.0
2020-07-31T00:00:00.000,Fulton,GA,Passenger,1,2,3,98,101,2.9702970297029703
2020-07-31T00:00:00.000,Grant,WA,Passenger,61,75,136,65289,65425,0.2078716087122659
2020-07-31T00:00:00.000,Grays Harbor,WA,Passenger,109,112,221,48285,48506,0.4556137385065765
2020-07-31T00:00:00.000,Island,WA,Truck,1,0,1,21239,21240,0.0047080979284369
2020-07-31T00:00:00.000,Jefferson,NY,Passenger,0,1,1,209,210,0.4761904761904761
2020-09-30T00:00:00.000,Nassau,FL,Passenger,1,0,1,34,35,2.8571428571428568
2020-09-30T00:00:00.000,Oldham,KY,Passenger,0,1,1,4,5,20.0
2020-09-30T00:00:00.000,Orange,CA,Passenger,5,3,8,466,474,1.6877637130801688
2020-09-30T00:00:00.000,Pima,AZ,Passenger,3,1,4,331,335,1.1940298507462686
2020-09-30T00:00:00.000,Polk,FL,Passenger,1,0,1,61,62,1.6129032258064515
2020-09-30T00:00:00.000,Riverside,CA,Passenger,3,0,3,607,610,0.4918032786885245
2020-09-30T00:00:00.000,Sacramento,CA,Passenger,1,0,1,249,250,0.4
2020-09-30T00:00:00.000,San Mateo,CA,Passenger,0,1,1,103,104,0.9615384615384616
2020-09-30T00:00:00.000,Sarasota,FL,Passenger,2,0,2,24,26,7.6923076923076925
2020-09-30T00:00:00.000,Shelby,OH,Passenger,0,1,1,1,2,50.0
2020-11-30T00:00:00.000,Larimer,CO,Passenger,1,0,1,53,54,1.851851851851852
2020-11-30T00:00:00.000,Maui,HI,Passenger,1,0,1,28,29,3.4482758620689653
2020-11-30T00:00:00.000,Missoula,MT,Passenger,1,0,1,59,60,1.6666666666666665
2020-11-30T00:00:00.000,Oldham,KY,Passenger,0,1,1,4,5,20.0
2020-08-31T00:00:00.000,Richland,SC,Passenger,0,1,1,153,154,0.6493506493506493
2020-08-31T00:00:00.000,Salt Lake,UT,Passenger,0,2,2,178,180,1.1111111111111112
2020-08-31T00:00:00.000,Skamania,WA,Passenger,31,21,52,8378,8430,0.6168446026097271
2020-08-31T00:00:00.000,Solano,CA,Passenger,1,0,1,213,214,0.4672897196261682
2020-08-31T00:00:00.000,Tulsa,OK,Passenger,1,1,2,41,43,4.651162790697674
2020-07-31T00:00:00.000,Ada,ID,Passenger,0,1,1,256,257,0.3891050583657587
2020-07-31T00:00:00.000,Bartow,GA,Passenger,0,1,1,2,3,33.33333333333333
2020-07-31T00:00:00.000,Bexar,TX,Passenger,4,5,9,591,600,1.5
2020-07-31T00:00:00.000,Chesapeake,VA,Passenger,0,2,2,419,421,0.4750593824228028
2020-09-30T00:00:00.000,Jefferson,WA,Truck,0,0,0,9544,9544,0.0
2020-09-30T00:00:00.000,Klamath,OR,Passenger,1,0,1,29,30,3.333333333333333
2020-09-30T00:00:00.000,Lewis,WA,Truck,0,0,0,26450,26450,0.0
2020-09-30T00:00:00.000,Los Angeles,CA,Passenger,9,11,20,974,994,2.0120724346076457
2020-09-30T00:00:00.000,Maricopa,AZ,Passenger,5,7,12,1312,1324,0.9063444108761328
2020-09-30T00:00:00.000,Mason,WA,Passenger,162,131,293,47471,47764,0.6134327108282388
2020-07-31T00:00:00.000,Skagit,WA,Passenger,423,223,646,91318,91964,0.7024487843069027
2020-07-31T00:00:00.000,Skamania,WA,Truck,0,0,0,4032,4032,0.0
2020-07-31T00:00:00.000,St. Mary's,MD,Passenger,1,0,1,214,215,0.4651162790697674
2020-07-31T00:00:00.000,Valencia,NM,Passenger,1,0,1,6,7,14.285714285714285
2020-07-31T00:00:00.000,Washington,OR,Passenger,1,0,1,419,420,0.238095238095238
2020-07-31T00:00:00.000,Yakima,WA,Passenger,139,119,258,165795,166053,0.1553720799985546
2020-08-31T00:00:00.000,,,Passenger,5,1,6,347,353,1.6997167138810199
2020-07-31T00:00:00.000,DeKalb,GA,Passenger,1,0,1,74,75,1.3333333333333333
2020-07-31T00:00:00.000,Ferry,WA,Passenger,7,3,10,4330,4340,0.2304147465437788
2020-07-31T00:00:00.000,Garfield,WA,Truck,0,0,0,988,988,0.0
2020-07-31T00:00:00.000,Guadalupe,TX,Passenger,1,0,1,59,60,1.6666666666666665
2020-07-31T00:00:00.000,Hennepin,MN,Passenger,3,0,3,87,90,3.333333333333333
2020-07-31T00:00:00.000,Houston,GA,Passenger,1,0,1,53,54,1.851851851851852
2020-08-31T00:00:00.000,Whatcom,WA,Passenger,1112,513,1625,149230,150855,1.0771933313446689
2020-09-30T00:00:00.000,Alexandria,VA,Passenger,2,0,2,135,137,1.45985401459854
2020-09-30T00:00:00.000,Chelan,WA,Truck,0,0,0,22728,22728,0.0
2020-09-30T00:00:00.000,Richland,SC,Passenger,0,1,1,150,151,0.662251655629139
2020-09-30T00:00:00.000,Saginaw,MI,Passenger,1,0,1,9,10,10.0
2020-09-30T00:00:00.000,Salt Lake,UT,Passenger,0,2,2,171,173,1.1560693641618496
2020-09-30T00:00:00.000,San Juan,WA,Truck,0,0,0,5846,5846,0.0
2020-09-30T00:00:00.000,Snohomish,WA,Passenger,4695,1810,6505,537268,543773,1.196271238182109
2020-09-30T00:00:00.000,Tulsa,OK,Passenger,1,1,2,39,41,4.878048780487805
2020-09-30T00:00:00.000,Wahkiakum,WA,Passenger,6,6,12,3016,3028,0.3963011889035667
2020-09-30T00:00:00.000,Stafford,VA,Passenger,1,1,2,90,92,2.1739130434782608
2020-09-30T00:00:00.000,Stevens,WA,Passenger,35,38,73,30419,30492,0.2394070575888757
2020-09-30T00:00:00.000,Sumter,FL,Passenger,0,1,1,11,12,8.333333333333332
2020-09-30T00:00:00.000,Thurston,WA,Truck,0,0,0,56149,56149,0.0
2020-09-30T00:00:00.000,Travis,TX,Passenger,2,1,3,165,168,1.7857142857142856
2020-09-30T00:00:00.000,Whitman,WA,Passenger,47,47,94,22003,22097,0.4253971127302348
2020-10-31T00:00:00.000,Asotin,WA,Passenger,17,14,31,12404,12435,0.2492963409730599
2020-11-30T00:00:00.000,Prince William,VA,Passenger,2,2,4,222,226,1.7699115044247788
2020-11-30T00:00:00.000,RÃ­o Grande,PR,Passenger,1,0,1,1,2,50.0
2020-11-30T00:00:00.000,Sacramento,CA,Passenger,2,0,2,240,242,0.8264462809917354
2020-11-30T00:00:00.000,San Diego,CA,Passenger,15,4,19,2742,2761,0.6881564650488953
2020-11-30T00:00:00.000,Sedgwick,KS,Passenger,1,1,2,86,88,2.272727272727273
2020-11-30T00:00:00.000,Skamania,WA,Passenger,33,21,54,8306,8360,0.6459330143540669
2020-11-30T00:00:00.000,Thurston,WA,Passenger,1292,763,2055,197274,199329,1.0309588669987808
2020-09-30T00:00:00.000,Newport,RI,Passenger,1,0,1,83,84,1.1904761904761905
2020-09-30T00:00:00.000,Plaquemines,LA,Passenger,0,1,1,13,14,7.142857142857143
2020-09-30T00:00:00.000,San Juan,WA,Passenger,331,100,431,13909,14340,3.00557880055788
2020-09-30T00:00:00.000,Sedgwick,KS,Passenger,1,1,2,89,91,2.1978021978021975
2020-09-30T00:00:00.000,Snohomish,WA,Truck,0,0,0,124947,124947,0.0
2020-09-30T00:00:00.000,Solano,CA,Passenger,1,0,1,211,212,0.4716981132075471
2020-07-31T00:00:00.000,Kootenai,ID,Passenger,1,0,1,207,208,0.4807692307692307
2020-07-31T00:00:00.000,Lewis,WA,Truck,0,0,0,26288,26288,0.0
2020-07-31T00:00:00.000,Los Angeles,CA,Passenger,7,11,18,980,998,1.8036072144288575
2020-07-31T00:00:00.000,Mason,WA,Truck,0,0,0,20716,20716,0.0
2020-07-31T00:00:00.000,Monterey,CA,Passenger,0,1,1,163,164,0.6097560975609756
2020-07-31T00:00:00.000,Morris,NJ,Passenger,1,0,1,17,18,5.555555555555556
2020-07-31T00:00:00.000,New York,NY,Passenger,1,0,1,60,61,1.639344262295082
2020-07-31T00:00:00.000,Pacific,WA,Passenger,33,33,66,15768,15834,0.4168245547555892
2020-07-31T00:00:00.000,Pend Oreille,WA,Passenger,7,5,12,9245,9257,0.1296316301177487
2020-08-31T00:00:00.000,Albemarle,VA,Passenger,1,0,1,20,21,4.761904761904762
2020-08-31T00:00:00.000,Benton,WA,Passenger,380,322,702,134344,135046,0.5198228751684612
2020-08-31T00:00:00.000,Bexar,TX,Passenger,4,5,9,583,592,1.5202702702702702
2020-08-31T00:00:00.000,Carroll,MD,Passenger,0,1,1,21,22,4.545454545454546
2020-08-31T00:00:00.000,Clallam,WA,Truck,1,0,1,21706,21707,0.0046068088635002
2020-08-31T00:00:00.000,Cowlitz,WA,Truck,0,0,0,28916,28916,0.0
2020-10-31T00:00:00.000,Benton,WA,Passenger,403,340,743,134708,135451,0.548537847634938
2020-10-31T00:00:00.000,Cascade,MT,Passenger,0,1,1,54,55,1.818181818181818
2020-10-31T00:00:00.000,Chelan,WA,Truck,0,0,0,22770,22770,0.0
2020-10-31T00:00:00.000,Boone,MO,Passenger,0,1,1,11,12,8.333333333333332
2020-10-31T00:00:00.000,Broward,FL,Passenger,1,1,2,107,109,1.8348623853211008
2020-10-31T00:00:00.000,Calvert,MD,Passenger,0,2,2,83,85,2.352941176470588
2020-10-31T00:00:00.000,Camden,NJ,Passenger,0,1,1,22,23,4.3478260869565215
2020-10-31T00:00:00.000,Douglas,CO,Passenger,0,1,1,76,77,1.2987012987012987
2020-10-31T00:00:00.000,Douglas,WA,Truck,0,0,0,12418,12418,0.0
2020-10-31T00:00:00.000,DuPage,IL,Passenger,3,0,3,52,55,5.454545454545455
2020-10-31T00:00:00.000,El Dorado,CA,Passenger,1,0,1,33,34,2.941176470588235
2020-10-31T00:00:00.000,El Paso,CO,Passenger,2,0,2,694,696,0.2873563218390804
2020-09-30T00:00:00.000,Columbia,WA,Passenger,4,3,7,2421,2428,0.2883031301482701
2020-09-30T00:00:00.000,Contra Costa,CA,Passenger,4,2,6,314,320,1.875
2020-09-30T00:00:00.000,Cowlitz,WA,Passenger,157,120,277,72168,72445,0.3823590309890261
2020-09-30T00:00:00.000,El Paso,TX,Passenger,3,0,3,412,415,0.7228915662650602
2020-09-30T00:00:00.000,Fairbanks North Star,AK,Passenger,0,1,1,98,99,1.01010101010101
2020-09-30T00:00:00.000,Flathead,MT,Passenger,1,0,1,55,56,1.7857142857142856
2020-09-30T00:00:00.000,Fort Bend,TX,Passenger,1,0,1,44,45,2.2222222222222223
2020-09-30T00:00:00.000,Garfield,WA,Truck,0,0,0,987,987,0.0
2020-07-31T00:00:00.000,King,WA,Passenger,24912,7751,32663,1371407,1404070,2.326308517381612
2020-07-31T00:00:00.000,Kings,NY,Passenger,1,0,1,64,65,1.5384615384615383
2020-07-31T00:00:00.000,Kittitas,WA,Passenger,104,47,151,29762,29913,0.5047972453448333
2020-07-31T00:00:00.000,Kittitas,WA,Truck,0,0,0,14561,14561,0.0
2020-07-31T00:00:00.000,Larimer,CO,Passenger,1,0,1,51,52,1.9230769230769231
2020-07-31T00:00:00.000,Lincoln,WA,Passenger,5,11,16,7655,7671,0.2085777603962977
2020-07-31T00:00:00.000,Montgomery,PA,Passenger,1,0,1,29,30,3.333333333333333
2020-10-31T00:00:00.000,Juneau,AK,Passenger,0,1,1,27,28,3.5714285714285716
